(0, 1, 11)
(0, 2, 3)
(0, 3, 0)
(1, 0, 12)
(1, 1, 12)
(1, 2, 4)
(1, 3, 1)
(2, 0, 4)
(2, 1, 12)
(2, 2, 9)
(2, 3, 6)
(3, 0, 12)
(3, 1, 12)
(3, 2, 4)
(3, 3, 7)
(3, 4, 19)
(4, 0, 12)
(4, 1, 13)
(4, 2, 5)
(4, 3, 2)
(5, 0, 4)
(6, 0, 12)
(7, 0, 12)
(7, 1, 11)
(7, 2, 3)
(7, 3, 8)
(7, 4, 0)
(8, 0, 12)
(8, 1, 12)
(8, 2, 4)
(8, 3, 9)
(8, 4, 1)
(9, 0, 12)
(9, 1, 13)
(9, 2, 10)
(9, 3, 5)
(9, 4, 2)
(10, 0, 4)
(11, 0, 12)
(11, 1, 11)
(11, 2, 8)
(11, 3, 0)
(12, 0, 12)
(12, 1, 4)
(12, 2, 12)
(12, 3, 6)
(12, 4, 15)
(13, 0, 4)
(13, 1, 12)
(13, 2, 9)
(13, 3, 7)
(13, 4, 16)
(14, 0, 12)
(14, 1, 13)
(14, 2, 5)
(14, 3, 2)
(15, 0, 12)
(16, 0, 12)
(16, 1, 12)
(16, 2, 11)
(16, 3, 8)
(16, 4, 0)
(17, 0, 12)
(17, 1, 12)
(17, 2, 12)
(17, 3, 9)
(17, 4, 6)
(18, 0, 12)
(18, 1, 13)
(18, 2, 10)
(18, 3, 5)
(18, 4, 2)
(18, 5, 17)
(19, 0, 12)
(20, 0, 12)
(20, 1, 11)
(20, 2, 8)
(20, 3, 8)
(20, 4, 3)
(20, 5, 0)
(21, 0, 12)
(21, 1, 9)
(21, 2, 4)
(21, 3, 12)
(21, 4, 4)
(21, 5, 1)
(22, 0, 12)
(22, 1, 12)
(22, 2, 13)
(22, 3, 5)
(22, 4, 10)
(22, 5, 2)
(23, 0, 12)
(23, 1, 12)
(24, 0, 12)
(24, 1, 12)
(24, 2, 11)
(24, 3, 3)
(24, 4, 0)
(25, 0, 4)
(25, 1, 9)
(25, 2, 12)
(25, 3, 4)
(25, 4, 7)
(26, 0, 4)
(26, 1, 12)
(26, 2, 4)
(26, 3, 9)
(26, 4, 6)
(27, 0, 12)
(27, 1, 13)
(27, 2, 10)
(27, 3, 5)
(27, 4, 2)
(30, 5, 11)
(30, 6, 0)
(31, 5, 13)
(31, 6, 2)
(31, 7, 18)
(34, 7, 11)
(34, 8, 0)
(35, 7, 9)
(35, 8, 1)
(36, 7, 13)
(36, 8, 2)
(36, 9, 19)
(39, 3, 4)
(39, 4, 4)
(39, 5, 11)
(39, 6, 0)
(40, 3, 4)
(40, 4, 4)
(40, 5, 12)
(40, 6, 1)
(41, 3, 4)
(41, 4, 4)
(41, 5, 4)
(41, 6, 6)
(42, 3, 4)
(42, 4, 4)
(42, 5, 12)
(42, 6, 7)
(42, 7, 19)
(43, 3, 4)
(43, 4, 4)
(43, 5, 9)
(43, 6, 6)
(43, 7, 15)
(44, 3, 4)
(44, 4, 4)
(44, 5, 12)
(44, 6, 7)
(44, 7, 16)
(45, 3, 4)
(45, 4, 4)
(45, 5, 12)
(45, 6, 7)
(45, 7, 19)
(46, 3, 4)
(46, 4, 4)
(46, 5, 4)
(46, 6, 6)
(47, 3, 4)
(47, 4, 4)
(47, 5, 9)
(47, 6, 7)
(48, 3, 4)
(48, 4, 9)
(48, 5, 4)
(48, 6, 1)
(49, 3, 13)
(49, 4, 5)
(49, 5, 5)
(49, 6, 2)
(52, 4, 11)
(52, 5, 0)
(53, 4, 4)
(53, 5, 1)
(54, 4, 13)
(54, 5, 2)
(56, 3, 8)
(56, 4, 0)
(57, 3, 12)
(57, 4, 7)
(58, 3, 13)
(58, 4, 2)
(60, 0, 11)
(60, 1, 8)
(60, 2, 3)
(60, 3, 0)
(61, 0, 12)
(61, 1, 4)
(61, 2, 9)
(61, 3, 7)
(61, 4, 19)
(62, 0, 12)
(62, 1, 12)
(62, 2, 12)
(62, 3, 1)
(63, 0, 12)
(63, 1, 12)
(63, 2, 12)
(63, 3, 12)
(63, 4, 3)
(63, 5, 0)
(64, 0, 12)
(64, 1, 12)
(64, 2, 12)
(64, 3, 12)
(64, 4, 12)
(64, 5, 6)
(64, 6, 17)
(65, 0, 12)
(65, 1, 9)
(65, 2, 12)
(65, 3, 12)
(65, 4, 4)
(65, 5, 6)
(65, 6, 14)
(66, 0, 12)
(66, 1, 4)
(66, 2, 12)
(66, 3, 4)
(66, 4, 12)
(66, 5, 7)
(66, 6, 17)
(67, 0, 12)
(67, 1, 12)
(67, 2, 12)
(67, 3, 12)
(67, 4, 12)
(67, 5, 4)
(67, 6, 3)
(67, 7, 0)
(68, 0, 12)
(68, 1, 12)
(68, 2, 12)
(68, 3, 12)
(68, 4, 12)
(68, 5, 12)
(68, 6, 9)
(68, 7, 1)
(69, 0, 4)
(69, 1, 4)
(69, 2, 12)
(69, 3, 13)
(69, 4, 10)
(69, 5, 5)
(69, 6, 10)
(69, 7, 2)
(0, 0, 4)
(0, 1, 11)
(0, 2, 3)
(0, 3, 0)
(1, 0, 12)
(1, 1, 12)
(1, 2, 4)
(1, 3, 1)
(2, 0, 4)
(2, 1, 12)
(2, 2, 9)
(2, 3, 6)
(3, 0, 12)
(3, 1, 12)
(3, 2, 4)
(3, 3, 7)
(3, 4, 14)
(4, 0, 12)
(4, 1, 12)
(4, 2, 12)
(4, 3, 6)
(5, 0, 4)
(5, 1, 12)
(5, 2, 12)
(5, 3, 7)
(6, 0, 12)
(6, 1, 12)
(6, 2, 12)
(6, 3, 6)
(7, 0, 12)
(7, 1, 4)
(7, 2, 12)
(7, 3, 12)
(7, 4, 0)
(8, 0, 12)
(8, 1, 4)
(8, 2, 4)
(8, 3, 4)
(8, 4, 1)
(9, 0, 12)
(9, 1, 4)
(9, 2, 4)
(9, 3, 13)
(9, 4, 2)
(10, 0, 4)
(10, 1, 4)
(11, 0, 12)
(11, 1, 4)
(11, 2, 11)
(11, 3, 0)
(12, 0, 12)
(12, 1, 4)
(12, 2, 4)
(12, 3, 6)
(12, 4, 15)
(13, 0, 4)
(13, 1, 4)
(13, 2, 12)
(13, 3, 7)
(13, 4, 16)
(14, 0, 12)
(14, 1, 4)
(14, 2, 13)
(14, 3, 2)
(15, 0, 12)
(15, 1, 12)
(16, 0, 12)
(16, 1, 12)
(16, 2, 11)
(16, 3, 3)
(16, 4, 0)
(17, 0, 12)
(17, 1, 12)
(17, 2, 12)
(17, 3, 12)
(17, 4, 6)
(18, 0, 12)
(18, 1, 12)
(18, 2, 9)
(18, 3, 4)
(18, 4, 7)
(19, 0, 13)
(19, 1, 5)
(19, 2, 10)
(19, 3, 5)
(19, 4, 2)
(23, 5, 11)
(23, 6, 0)
(24, 5, 9)
(24, 6, 1)
(25, 5, 12)
(25, 6, 6)
(26, 5, 4)
(26, 6, 7)
(26, 7, 19)
(27, 5, 13)
(27, 6, 2)
(31, 5, 11)
(31, 6, 0)
(32, 5, 12)
(32, 6, 6)
(33, 5, 12)
(33, 6, 1)
(34, 5, 12)
(34, 6, 7)
(35, 5, 13)
(35, 6, 2)
(40, 5, 11)
(40, 6, 0)
(41, 5, 12)
(41, 6, 7)
(42, 5, 4)
(42, 6, 6)
(42, 7, 18)
(43, 5, 9)
(43, 6, 1)
(44, 5, 13)
(44, 6, 2)
(47, 2, 11)
(47, 3, 0)
(48, 2, 12)
(48, 3, 1)
(49, 2, 9)
(49, 3, 6)
(50, 2, 12)
(50, 3, 7)
(51, 2, 13)
(51, 3, 2)
(56, 0, 11)
(56, 1, 3)
(56, 2, 0)
(57, 0, 12)
(57, 1, 4)
(57, 2, 6)
(58, 0, 12)
(58, 1, 12)
(58, 2, 7)
(59, 0, 12)
(59, 1, 12)
(59, 2, 1)
(60, 0, 12)
(60, 1, 12)
(60, 2, 6)
(61, 0, 12)
(61, 1, 12)
(61, 2, 7)
(61, 3, 17)
(62, 0, 13)
(62, 1, 5)
(62, 2, 2)
(0, 1, 8)
(0, 2, 3)
(0, 3, 0)
(1, 0, 4)
(1, 1, 12)
(1, 2, 4)
(1, 3, 1)
(2, 0, 12)
(2, 1, 12)
(2, 2, 9)
(2, 3, 6)
(3, 0, 12)
(3, 1, 12)
(3, 2, 4)
(3, 3, 7)
(4, 0, 12)
(4, 1, 12)
(4, 2, 12)
(4, 3, 6)
(4, 4, 19)
(5, 0, 12)
(5, 1, 4)
(5, 2, 12)
(5, 3, 7)
(6, 0, 12)
(6, 1, 12)
(6, 2, 12)
(6, 3, 6)
(7, 0, 12)
(7, 1, 12)
(7, 2, 4)
(7, 3, 7)
(8, 0, 12)
(8, 1, 12)
(8, 2, 12)
(8, 3, 6)
(8, 4, 18)
(9, 0, 12)
(9, 1, 12)
(9, 2, 4)
(9, 3, 1)
(10, 0, 4)
(10, 1, 4)
(10, 2, 12)
(10, 3, 7)
(11, 0, 12)
(11, 1, 12)
(11, 2, 12)
(11, 3, 7)
(12, 0, 13)
(12, 1, 10)
(12, 2, 5)
(12, 3, 2)
(16, 3, 11)
(16, 4, 0)
(17, 3, 12)
(17, 4, 6)
(18, 3, 12)
(18, 4, 7)
(18, 5, 19)
(19, 3, 13)
(19, 4, 2)
(22, 6, 11)
(22, 7, 0)
(23, 6, 12)
(23, 7, 6)
(24, 6, 9)
(24, 7, 7)
(25, 6, 13)
(25, 7, 2)
(29, 0, 11)
(29, 1, 8)
(29, 2, 3)
(29, 3, 0)
(30, 0, 12)
(30, 1, 12)
(30, 2, 12)
(30, 3, 6)
(31, 0, 12)
(31, 1, 12)
(31, 2, 12)
(31, 3, 7)
(32, 0, 12)
(32, 1, 12)
(32, 2, 12)
(32, 3, 6)
(33, 0, 12)
(33, 1, 12)
(33, 2, 12)
(33, 3, 7)
(33, 4, 14)
(34, 0, 12)
(34, 1, 12)
(34, 2, 12)
(34, 3, 6)
(34, 4, 17)
(35, 0, 12)
(35, 1, 12)
(35, 2, 12)
(35, 3, 7)
(35, 4, 14)
(36, 0, 12)
(36, 1, 12)
(36, 2, 12)
(36, 3, 6)
(36, 4, 17)
(37, 0, 12)
(37, 1, 12)
(37, 2, 12)
(37, 3, 6)
(37, 4, 14)
(38, 0, 12)
(38, 1, 12)
(38, 2, 12)
(38, 3, 7)
(39, 0, 13)
(39, 1, 10)
(39, 2, 5)
(39, 3, 2)
(42, 3, 11)
(42, 4, 3)
(42, 5, 0)
(43, 3, 12)
(43, 4, 4)
(43, 5, 1)
(44, 3, 9)
(44, 4, 4)
(44, 5, 7)
(45, 3, 13)
(45, 4, 5)
(45, 5, 2)
(48, 5, 11)
(48, 6, 3)
(48, 7, 0)
(49, 5, 12)
(49, 6, 4)
(49, 7, 6)
(50, 5, 12)
(50, 6, 4)
(50, 7, 1)
(51, 5, 13)
(51, 6, 5)
(51, 7, 2)
(53, 1, 11)
(53, 2, 0)
(54, 1, 4)
(54, 2, 6)
(55, 1, 4)
(55, 2, 7)
(56, 1, 12)
(56, 2, 6)
(57, 1, 12)
(57, 2, 7)
(57, 3, 15)
(58, 1, 12)
(58, 2, 6)
(58, 3, 16)
(59, 1, 12)
(59, 2, 7)
(60, 1, 9)
(60, 2, 7)
(61, 1, 12)
(61, 2, 1)
(62, 1, 12)
(62, 2, 6)
(63, 1, 13)
(63, 2, 2)
(0, 7, 3)
(0, 8, 8)
(0, 9, 3)
(0, 10, 8)
(0, 11, 3)
(0, 12, 0)
(1, 6, 12)
(1, 7, 12)
(1, 8, 12)
(1, 9, 12)
(1, 10, 9)
(1, 11, 4)
(1, 12, 6)
(1, 13, 19)
(2, 6, 12)
(2, 7, 9)
(2, 8, 4)
(2, 9, 12)
(2, 10, 12)
(2, 11, 12)
(2, 12, 7)
(2, 13, 19)
(3, 6, 12)
(3, 7, 12)
(3, 8, 12)
(3, 9, 12)
(3, 10, 12)
(3, 11, 12)
(3, 12, 6)
(4, 6, 12)
(4, 7, 12)
(4, 8, 12)
(4, 9, 9)
(4, 10, 4)
(4, 11, 12)
(4, 12, 7)
(4, 13, 19)
(5, 6, 12)
(5, 7, 12)
(5, 8, 12)
(5, 9, 12)
(5, 10, 12)
(5, 11, 12)
(5, 12, 6)
(5, 13, 19)
(6, 6, 12)
(6, 7, 12)
(6, 8, 12)
(6, 9, 12)
(6, 10, 12)
(6, 11, 12)
(6, 12, 7)
(7, 6, 12)
(7, 7, 12)
(7, 8, 12)
(7, 9, 12)
(7, 10, 12)
(7, 11, 12)
(7, 12, 6)
(7, 13, 19)
(8, 6, 12)
(8, 7, 12)
(8, 8, 12)
(8, 9, 12)
(8, 10, 12)
(8, 11, 12)
(8, 12, 7)
(9, 6, 13)
(9, 7, 10)
(9, 8, 5)
(9, 9, 5)
(9, 10, 10)
(9, 11, 5)
(9, 12, 2)
(13, 8, 11)
(13, 9, 3)
(13, 10, 0)
(14, 8, 12)
(14, 9, 4)
(14, 10, 1)
(15, 8, 13)
(15, 9, 5)
(15, 10, 2)
(20, 5, 11)
(20, 6, 3)
(20, 7, 0)
(21, 5, 12)
(21, 6, 4)
(21, 7, 1)
(22, 5, 12)
(22, 6, 9)
(22, 7, 6)
(23, 5, 12)
(23, 6, 12)
(23, 7, 7)
(23, 8, 14)
(24, 5, 9)
(24, 6, 12)
(24, 7, 6)
(24, 8, 14)
(25, 5, 12)
(25, 6, 12)
(25, 7, 7)
(26, 5, 13)
(26, 6, 5)
(26, 7, 2)
(31, 0, 11)
(31, 1, 8)
(31, 2, 3)
(31, 3, 8)
(31, 4, 3)
(31, 5, 0)
(32, 0, 12)
(32, 1, 12)
(32, 2, 9)
(32, 3, 4)
(32, 4, 4)
(32, 5, 1)
(33, 0, 13)
(33, 1, 10)
(33, 2, 10)
(33, 3, 5)
(33, 4, 5)
(33, 5, 2)
(34, 0, 12)
(34, 1, 6)
(35, 0, 12)
(35, 1, 7)
(36, 0, 11)
(36, 1, 8)
(36, 2, 3)
(36, 3, 0)
(37, 0, 12)
(37, 1, 9)
(37, 2, 4)
(37, 3, 1)
(38, 0, 13)
(38, 1, 10)
(38, 2, 5)
(38, 3, 2)
(39, 0, 12)
(39, 1, 6)
(40, 0, 12)
(40, 1, 7)
(41, 0, 11)
(41, 1, 8)
(41, 2, 8)
(41, 3, 3)
(41, 4, 8)
(41, 5, 3)
(41, 6, 0)
(42, 0, 12)
(42, 1, 12)
(42, 2, 12)
(42, 3, 12)
(42, 4, 12)
(42, 5, 4)
(42, 6, 1)
(43, 0, 12)
(43, 1, 9)
(43, 2, 12)
(43, 3, 12)
(43, 4, 9)
(43, 5, 4)
(43, 6, 6)
(44, 0, 13)
(44, 1, 10)
(44, 2, 5)
(44, 3, 5)
(44, 4, 10)
(44, 5, 5)
(44, 6, 2)
(45, 0, 12)
(45, 1, 6)
(46, 0, 12)
(46, 1, 7)
(47, 0, 11)
(47, 1, 8)
(47, 2, 8)
(47, 3, 3)
(47, 4, 0)
(48, 0, 12)
(48, 1, 12)
(48, 2, 12)
(48, 3, 4)
(48, 4, 6)
(49, 0, 12)
(49, 1, 12)
(49, 2, 4)
(49, 3, 12)
(49, 4, 7)
(49, 5, 18)
(50, 0, 12)
(50, 1, 12)
(50, 2, 4)
(50, 3, 4)
(50, 4, 6)
(51, 0, 12)
(51, 1, 12)
(51, 2, 12)
(51, 3, 12)
(51, 4, 7)
(52, 0, 13)
(52, 1, 10)
(52, 2, 5)
(52, 3, 5)
(52, 4, 2)
(54, 0, 11)
(54, 1, 8)
(54, 2, 0)
(55, 0, 12)
(55, 1, 4)
(55, 2, 6)
(56, 0, 12)
(56, 1, 4)
(56, 2, 7)
(57, 0, 12)
(57, 1, 12)
(57, 2, 6)
(58, 0, 12)
(58, 1, 12)
(58, 2, 7)
(58, 3, 15)
(59, 0, 12)
(59, 1, 12)
(59, 2, 6)
(59, 3, 16)
(60, 0, 12)
(60, 1, 12)
(60, 2, 7)
(61, 0, 12)
(61, 1, 9)
(61, 2, 7)
(62, 0, 12)
(62, 1, 12)
(62, 2, 1)
(63, 0, 12)
(63, 1, 12)
(63, 2, 6)
(64, 0, 13)
(64, 1, 10)
(64, 2, 2)
(0, 5, 8)
(0, 6, 8)
(0, 7, 3)
(0, 8, 8)
(0, 9, 3)
(0, 10, 8)
(0, 11, 3)
(0, 12, 0)
(0, 13, 19)
(1, 4, 12)
(1, 5, 12)
(1, 6, 12)
(1, 7, 12)
(1, 8, 12)
(1, 9, 12)
(1, 10, 9)
(1, 11, 4)
(1, 12, 6)
(1, 13, 15)
(2, 4, 12)
(2, 5, 12)
(2, 6, 12)
(2, 7, 9)
(2, 8, 4)
(2, 9, 12)
(2, 10, 12)
(2, 11, 12)
(2, 12, 7)
(2, 13, 16)
(3, 4, 12)
(3, 5, 12)
(3, 6, 12)
(3, 7, 12)
(3, 8, 12)
(3, 9, 12)
(3, 10, 12)
(3, 11, 12)
(3, 12, 6)
(3, 13, 19)
(4, 4, 12)
(4, 5, 12)
(4, 6, 12)
(4, 7, 12)
(4, 8, 12)
(4, 9, 9)
(4, 10, 4)
(4, 11, 12)
(4, 12, 7)
(4, 13, 15)
(5, 4, 12)
(5, 5, 12)
(5, 6, 12)
(5, 7, 12)
(5, 8, 12)
(5, 9, 12)
(5, 10, 12)
(5, 11, 12)
(5, 12, 6)
(5, 13, 16)
(6, 4, 12)
(6, 5, 12)
(6, 6, 12)
(6, 7, 12)
(6, 8, 12)
(6, 9, 12)
(6, 10, 12)
(6, 11, 12)
(6, 12, 7)
(6, 13, 19)
(7, 4, 12)
(7, 5, 12)
(7, 6, 12)
(7, 7, 12)
(7, 8, 12)
(7, 9, 12)
(7, 10, 12)
(7, 11, 12)
(7, 12, 6)
(7, 13, 15)
(8, 4, 9)
(8, 5, 12)
(8, 6, 12)
(8, 7, 12)
(8, 8, 12)
(8, 9, 12)
(8, 10, 12)
(8, 11, 12)
(8, 12, 7)
(8, 13, 16)
(9, 4, 13)
(9, 5, 10)
(9, 6, 10)
(9, 7, 10)
(9, 8, 5)
(9, 9, 5)
(9, 10, 10)
(9, 11, 5)
(9, 12, 2)
(9, 13, 19)
(10, 4, 12)
(10, 5, 12)
(10, 6, 12)
(10, 7, 12)
(10, 8, 12)
(10, 9, 9)
(10, 10, 6)
(11, 4, 12)
(11, 5, 12)
(11, 6, 12)
(11, 7, 9)
(11, 8, 12)
(11, 9, 12)
(11, 10, 7)
(11, 11, 17)
(12, 4, 13)
(12, 5, 10)
(12, 6, 5)
(12, 7, 5)
(12, 8, 10)
(12, 9, 5)
(12, 10, 2)
(13, 4, 12)
(13, 5, 12)
(13, 6, 12)
(13, 7, 12)
(13, 8, 12)
(13, 9, 1)
(14, 4, 12)
(14, 5, 12)
(14, 6, 12)
(14, 7, 12)
(14, 8, 12)
(14, 9, 6)
(14, 10, 18)
(15, 4, 13)
(15, 5, 10)
(15, 6, 5)
(15, 7, 10)
(15, 8, 5)
(15, 9, 2)
(18, 7, 11)
(18, 8, 3)
(18, 9, 0)
(19, 7, 12)
(19, 8, 4)
(19, 9, 7)
(20, 7, 12)
(20, 8, 4)
(20, 9, 7)
(20, 10, 14)
(21, 7, 13)
(21, 8, 5)
(21, 9, 2)
(26, 7, 11)
(26, 8, 8)
(26, 9, 3)
(26, 10, 0)
(27, 7, 12)
(27, 8, 12)
(27, 9, 12)
(27, 10, 6)
(28, 7, 12)
(28, 8, 12)
(28, 9, 12)
(28, 10, 6)
(28, 11, 17)
(29, 7, 12)
(29, 8, 12)
(29, 9, 12)
(29, 10, 7)
(30, 7, 11)
(30, 8, 8)
(30, 9, 3)
(30, 10, 8)
(30, 11, 3)
(30, 12, 0)
(31, 7, 12)
(31, 8, 12)
(31, 9, 12)
(31, 10, 12)
(31, 11, 12)
(31, 12, 6)
(32, 7, 12)
(32, 8, 12)
(32, 9, 12)
(32, 10, 12)
(32, 11, 12)
(32, 12, 6)
(32, 13, 14)
(33, 7, 12)
(33, 8, 12)
(33, 9, 12)
(33, 10, 12)
(33, 11, 12)
(33, 12, 7)
(34, 7, 11)
(34, 8, 8)
(34, 9, 3)
(34, 10, 8)
(34, 11, 3)
(34, 12, 8)
(34, 13, 8)
(34, 14, 3)
(34, 15, 0)
(35, 7, 12)
(35, 8, 12)
(35, 9, 12)
(35, 10, 12)
(35, 11, 12)
(35, 12, 12)
(35, 13, 12)
(35, 14, 12)
(35, 15, 6)
(36, 7, 12)
(36, 8, 12)
(36, 9, 12)
(36, 10, 12)
(36, 11, 12)
(36, 12, 12)
(36, 13, 12)
(36, 14, 12)
(36, 15, 6)
(36, 16, 19)
(37, 7, 12)
(37, 8, 12)
(37, 9, 12)
(37, 10, 12)
(37, 11, 12)
(37, 12, 12)
(37, 13, 12)
(37, 14, 12)
(37, 15, 7)
(37, 16, 19)
(38, 7, 13)
(38, 8, 10)
(38, 9, 5)
(38, 10, 5)
(38, 11, 10)
(38, 12, 5)
(38, 13, 10)
(38, 14, 5)
(38, 15, 2)
(39, 7, 12)
(39, 8, 12)
(39, 9, 12)
(39, 10, 12)
(39, 11, 12)
(39, 12, 6)
(40, 7, 12)
(40, 8, 12)
(40, 9, 12)
(40, 10, 12)
(40, 11, 12)
(40, 12, 7)
(41, 7, 12)
(41, 8, 12)
(41, 9, 12)
(41, 10, 12)
(41, 11, 12)
(41, 12, 7)
(42, 7, 13)
(42, 8, 10)
(42, 9, 5)
(42, 10, 10)
(42, 11, 5)
(42, 12, 2)
(43, 7, 12)
(43, 8, 12)
(43, 9, 12)
(43, 10, 6)
(44, 7, 12)
(44, 8, 12)
(44, 9, 12)
(44, 10, 7)
(44, 11, 19)
(45, 7, 12)
(45, 8, 12)
(45, 9, 12)
(45, 10, 1)
(45, 11, 19)
(46, 7, 13)
(46, 8, 10)
(46, 9, 5)
(46, 10, 2)
(49, 5, 11)
(49, 6, 8)
(49, 7, 3)
(49, 8, 0)
(50, 5, 4)
(50, 6, 4)
(50, 7, 4)
(50, 8, 6)
(51, 5, 12)
(51, 6, 9)
(51, 7, 4)
(51, 8, 1)
(52, 5, 13)
(52, 6, 10)
(52, 7, 5)
(52, 8, 2)
(54, 0, 11)
(54, 1, 8)
(54, 2, 0)
(54, 3, 19)
(55, 0, 12)
(55, 1, 4)
(55, 2, 6)
(56, 0, 12)
(56, 1, 4)
(56, 2, 7)
(56, 3, 19)
(57, 0, 12)
(57, 1, 12)
(57, 2, 6)
(57, 3, 19)
(58, 0, 12)
(58, 1, 12)
(58, 2, 7)
(58, 3, 19)
(59, 0, 12)
(59, 1, 12)
(59, 2, 6)
(60, 0, 12)
(60, 1, 12)
(60, 2, 7)
(60, 3, 19)
(61, 0, 12)
(61, 1, 9)
(61, 2, 7)
(61, 3, 19)
(62, 0, 12)
(62, 1, 12)
(62, 2, 1)
(63, 0, 12)
(63, 1, 12)
(63, 2, 6)
(64, 0, 13)
(64, 1, 10)
(64, 2, 2)
(64, 3, 19)
(0, 1, 8)
(0, 2, 8)
(0, 3, 3)
(0, 4, 8)
(0, 5, 8)
(0, 6, 3)
(0, 7, 0)
(0, 8, 19)
(1, 0, 12)
(1, 1, 12)
(1, 2, 12)
(1, 3, 12)
(1, 4, 12)
(1, 5, 12)
(1, 6, 12)
(1, 7, 6)
(1, 8, 15)
(2, 0, 12)
(2, 1, 12)
(2, 2, 12)
(2, 3, 12)
(2, 4, 12)
(2, 5, 12)
(2, 6, 12)
(2, 7, 7)
(2, 8, 16)
(3, 0, 12)
(3, 1, 12)
(3, 2, 12)
(3, 3, 12)
(3, 4, 12)
(3, 5, 12)
(3, 6, 12)
(3, 7, 7)
(3, 8, 19)
(4, 0, 12)
(4, 1, 12)
(4, 2, 12)
(4, 3, 12)
(4, 4, 12)
(4, 5, 12)
(4, 6, 12)
(4, 7, 6)
(4, 8, 14)
(5, 0, 13)
(5, 1, 5)
(5, 2, 10)
(5, 3, 5)
(5, 4, 10)
(5, 5, 10)
(5, 6, 5)
(5, 7, 2)
(5, 8, 17)
(8, 7, 11)
(8, 8, 0)
(9, 7, 12)
(9, 8, 6)
(10, 7, 12)
(10, 8, 7)
(10, 9, 17)
(11, 7, 13)
(11, 8, 2)
(14, 8, 11)
(14, 9, 3)
(14, 10, 0)
(15, 8, 12)
(15, 9, 12)
(15, 10, 6)
(16, 8, 12)
(16, 9, 12)
(16, 10, 7)
(17, 8, 12)
(17, 9, 12)
(17, 10, 7)
(17, 11, 18)
(18, 8, 12)
(18, 9, 12)
(18, 10, 6)
(19, 8, 13)
(19, 9, 5)
(19, 10, 2)
(23, 5, 11)
(23, 6, 8)
(23, 7, 3)
(23, 8, 0)
(24, 5, 12)
(24, 6, 9)
(24, 7, 4)
(24, 8, 1)
(25, 5, 8)
(25, 6, 8)
(25, 7, 8)
(25, 8, 3)
(25, 9, 0)
(26, 5, 12)
(26, 6, 12)
(26, 7, 12)
(26, 8, 4)
(26, 9, 6)
(27, 5, 12)
(27, 6, 12)
(27, 7, 12)
(27, 8, 12)
(27, 9, 7)
(27, 10, 19)
(28, 5, 12)
(28, 6, 12)
(28, 7, 12)
(28, 8, 12)
(28, 9, 6)
(29, 5, 13)
(29, 6, 5)
(29, 7, 10)
(29, 8, 5)
(29, 9, 2)
(30, 5, 12)
(30, 6, 9)
(30, 7, 4)
(30, 8, 1)
(31, 5, 13)
(31, 6, 10)
(31, 7, 5)
(31, 8, 2)
(36, 7, 11)
(36, 8, 3)
(36, 9, 0)
(37, 7, 12)
(37, 8, 12)
(37, 9, 6)
(38, 7, 12)
(38, 8, 12)
(38, 9, 7)
(38, 10, 19)
(39, 7, 12)
(39, 8, 12)
(39, 9, 7)
(40, 7, 12)
(40, 8, 12)
(40, 9, 6)
(41, 7, 13)
(41, 8, 5)
(41, 9, 2)
(45, 6, 11)
(45, 7, 3)
(45, 8, 0)
(46, 6, 12)
(46, 7, 4)
(46, 8, 1)
(47, 6, 13)
(47, 7, 5)
(47, 8, 2)
(50, 7, 11)
(50, 8, 3)
(50, 9, 0)
(51, 7, 12)
(51, 8, 4)
(51, 9, 6)
(52, 7, 13)
(52, 8, 5)
(52, 9, 2)
(54, 5, 11)
(54, 6, 8)
(54, 7, 0)
(55, 5, 12)
(55, 6, 4)
(55, 7, 6)
(56, 5, 12)
(56, 6, 4)
(56, 7, 7)
(56, 8, 19)
(57, 5, 12)
(57, 6, 12)
(57, 7, 6)
(57, 8, 15)
(58, 5, 12)
(58, 6, 12)
(58, 7, 7)
(58, 8, 16)
(59, 5, 12)
(59, 6, 12)
(59, 7, 6)
(59, 8, 19)
(60, 5, 12)
(60, 6, 12)
(60, 7, 7)
(60, 8, 15)
(61, 5, 12)
(61, 6, 9)
(61, 7, 7)
(61, 8, 16)
(62, 5, 12)
(62, 6, 12)
(62, 7, 1)
(62, 8, 19)
(63, 5, 12)
(63, 6, 12)
(63, 7, 6)
(64, 5, 13)
(64, 6, 10)
(64, 7, 2)
(0, 5, 3)
(0, 6, 0)
(0, 7, 19)
(1, 4, 12)
(1, 5, 12)
(1, 6, 6)
(1, 7, 15)
(2, 4, 12)
(2, 5, 12)
(2, 6, 7)
(2, 7, 16)
(3, 4, 12)
(3, 5, 12)
(3, 6, 7)
(3, 7, 19)
(4, 4, 12)
(4, 5, 12)
(4, 6, 7)
(4, 7, 15)
(5, 4, 12)
(5, 5, 12)
(5, 6, 7)
(5, 7, 16)
(6, 4, 12)
(6, 5, 12)
(6, 6, 6)
(6, 7, 19)
(7, 4, 12)
(7, 5, 12)
(7, 6, 7)
(7, 7, 15)
(8, 4, 12)
(8, 5, 12)
(8, 6, 6)
(8, 7, 16)
(9, 4, 12)
(9, 5, 12)
(9, 6, 7)
(9, 7, 19)
(10, 4, 12)
(10, 5, 12)
(10, 6, 6)
(10, 7, 15)
(11, 4, 13)
(11, 5, 5)
(11, 6, 2)
(11, 7, 16)
(15, 2, 11)
(15, 3, 3)
(15, 4, 0)
(16, 2, 12)
(16, 3, 12)
(16, 4, 6)
(17, 2, 12)
(17, 3, 12)
(17, 4, 7)
(17, 5, 18)
(18, 2, 12)
(18, 3, 12)
(18, 4, 7)
(18, 5, 17)
(19, 2, 12)
(19, 3, 12)
(19, 4, 7)
(19, 5, 14)
(20, 2, 12)
(20, 3, 12)
(20, 4, 6)
(20, 5, 17)
(21, 2, 12)
(21, 3, 12)
(21, 4, 7)
(21, 5, 14)
(22, 2, 12)
(22, 3, 12)
(22, 4, 6)
(22, 5, 17)
(23, 2, 13)
(23, 3, 5)
(23, 4, 2)
(23, 5, 14)
(26, 0, 11)
(26, 1, 3)
(26, 2, 0)
(27, 0, 12)
(27, 1, 12)
(27, 2, 6)
(28, 0, 12)
(28, 1, 12)
(28, 2, 7)
(29, 0, 12)
(29, 1, 12)
(29, 2, 7)
(29, 3, 19)
(30, 0, 12)
(30, 1, 12)
(30, 2, 7)
(30, 3, 19)
(31, 0, 12)
(31, 1, 12)
(31, 2, 6)
(31, 3, 19)
(32, 0, 12)
(32, 1, 12)
(32, 2, 7)
(33, 0, 12)
(33, 1, 12)
(33, 2, 6)
(34, 0, 13)
(34, 1, 5)
(34, 2, 2)
(39, 3, 11)
(39, 4, 3)
(39, 5, 0)
(40, 3, 12)
(40, 4, 4)
(40, 5, 1)
(41, 3, 13)
(41, 4, 5)
(41, 5, 2)
(45, 4, 11)
(45, 5, 8)
(45, 6, 8)
(45, 7, 3)
(45, 8, 0)
(46, 4, 12)
(46, 5, 12)
(46, 6, 12)
(46, 7, 12)
(46, 8, 6)
(47, 4, 12)
(47, 5, 12)
(47, 6, 12)
(47, 7, 12)
(47, 8, 7)
(47, 9, 19)
(48, 4, 11)
(48, 5, 8)
(48, 6, 8)
(48, 7, 8)
(48, 8, 8)
(48, 9, 8)
(48, 10, 3)
(48, 11, 0)
(49, 4, 12)
(49, 5, 12)
(49, 6, 12)
(49, 7, 12)
(49, 8, 12)
(49, 9, 12)
(49, 10, 12)
(49, 11, 6)
(50, 4, 12)
(50, 5, 12)
(50, 6, 12)
(50, 7, 12)
(50, 8, 12)
(50, 9, 12)
(50, 10, 12)
(50, 11, 7)
(51, 4, 12)
(51, 5, 12)
(51, 6, 12)
(51, 7, 12)
(51, 8, 12)
(51, 9, 12)
(51, 10, 12)
(51, 11, 7)
(52, 4, 12)
(52, 5, 12)
(52, 6, 12)
(52, 7, 12)
(52, 8, 12)
(52, 9, 12)
(52, 10, 12)
(52, 11, 6)
(53, 4, 13)
(53, 5, 5)
(53, 6, 10)
(53, 7, 5)
(53, 8, 5)
(53, 9, 10)
(53, 10, 5)
(53, 11, 2)
(54, 4, 11)
(54, 5, 8)
(54, 6, 0)
(55, 4, 12)
(55, 5, 4)
(55, 6, 6)
(56, 4, 12)
(56, 5, 4)
(56, 6, 7)
(56, 8, 11)
(56, 9, 0)
(57, 4, 12)
(57, 5, 12)
(57, 6, 6)
(57, 8, 12)
(57, 9, 6)
(58, 4, 12)
(58, 5, 12)
(58, 6, 7)
(58, 8, 12)
(58, 9, 7)
(58, 10, 19)
(59, 4, 12)
(59, 5, 12)
(59, 6, 6)
(59, 8, 12)
(59, 9, 6)
(59, 10, 19)
(60, 4, 12)
(60, 5, 12)
(60, 6, 7)
(60, 8, 13)
(60, 9, 2)
(61, 4, 12)
(61, 5, 9)
(61, 6, 7)
(62, 4, 12)
(62, 5, 12)
(62, 6, 1)
(63, 4, 12)
(63, 5, 12)
(63, 6, 6)
(64, 4, 13)
(64, 5, 10)
(64, 6, 2)
(0, 1, 8)
(0, 2, 8)
(0, 3, 3)
(0, 4, 0)
(1, 0, 12)
(1, 1, 12)
(1, 2, 12)
(1, 3, 12)
(1, 4, 6)
(1, 5, 19)
(2, 0, 12)
(2, 1, 12)
(2, 2, 12)
(2, 3, 12)
(2, 4, 7)
(2, 5, 19)
(3, 0, 12)
(3, 1, 12)
(3, 2, 12)
(3, 3, 12)
(3, 4, 7)
(3, 5, 17)
(4, 0, 12)
(4, 1, 12)
(4, 2, 12)
(4, 3, 12)
(4, 4, 7)
(4, 5, 19)
(5, 0, 12)
(5, 1, 12)
(5, 2, 12)
(5, 3, 12)
(5, 4, 7)
(6, 0, 12)
(6, 1, 12)
(6, 2, 12)
(6, 3, 12)
(6, 4, 6)
(7, 0, 12)
(7, 1, 12)
(7, 2, 12)
(7, 3, 12)
(7, 4, 7)
(8, 0, 12)
(8, 1, 12)
(8, 2, 12)
(8, 3, 12)
(8, 4, 6)
(8, 5, 19)
(9, 0, 12)
(9, 1, 12)
(9, 2, 12)
(9, 3, 12)
(9, 4, 7)
(9, 5, 17)
(10, 0, 12)
(10, 1, 12)
(10, 2, 12)
(10, 3, 12)
(10, 4, 6)
(11, 0, 13)
(11, 1, 5)
(11, 2, 10)
(11, 3, 5)
(11, 4, 2)
(14, 1, 11)
(14, 2, 3)
(14, 3, 0)
(15, 1, 12)
(15, 2, 4)
(15, 3, 6)
(16, 1, 12)
(16, 2, 12)
(16, 3, 7)
(16, 4, 19)
(17, 1, 12)
(17, 2, 12)
(17, 3, 6)
(18, 1, 13)
(18, 2, 10)
(18, 3, 2)
(23, 1, 11)
(23, 2, 8)
(23, 3, 8)
(23, 4, 3)
(23, 5, 0)
(24, 1, 12)
(24, 2, 12)
(24, 3, 12)
(24, 4, 12)
(24, 5, 6)
(25, 1, 12)
(25, 2, 12)
(25, 3, 12)
(25, 4, 12)
(25, 5, 7)
(26, 1, 11)
(26, 2, 8)
(26, 3, 8)
(26, 4, 8)
(26, 5, 8)
(26, 6, 8)
(26, 7, 3)
(26, 8, 0)
(27, 1, 12)
(27, 2, 12)
(27, 3, 12)
(27, 4, 12)
(27, 5, 12)
(27, 6, 12)
(27, 7, 12)
(27, 8, 6)
(28, 1, 12)
(28, 2, 12)
(28, 3, 12)
(28, 4, 12)
(28, 5, 12)
(28, 6, 12)
(28, 7, 12)
(28, 8, 7)
(28, 9, 19)
(29, 1, 12)
(29, 2, 12)
(29, 3, 12)
(29, 4, 12)
(29, 5, 12)
(29, 6, 12)
(29, 7, 12)
(29, 8, 7)
(29, 9, 19)
(30, 1, 12)
(30, 2, 12)
(30, 3, 12)
(30, 4, 12)
(30, 5, 12)
(30, 6, 12)
(30, 7, 12)
(30, 8, 6)
(31, 1, 13)
(31, 2, 5)
(31, 3, 10)
(31, 4, 5)
(31, 5, 5)
(31, 6, 10)
(31, 7, 5)
(31, 8, 2)
(32, 1, 12)
(32, 2, 12)
(32, 3, 12)
(32, 4, 12)
(32, 5, 7)
(33, 1, 12)
(33, 2, 12)
(33, 3, 12)
(33, 4, 12)
(33, 5, 7)
(34, 1, 12)
(34, 2, 12)
(34, 3, 12)
(34, 4, 12)
(34, 5, 6)
(35, 1, 13)
(35, 2, 5)
(35, 3, 10)
(35, 4, 5)
(35, 5, 2)
(39, 0, 11)
(39, 1, 8)
(39, 2, 3)
(39, 3, 0)
(40, 0, 12)
(40, 1, 12)
(40, 2, 12)
(40, 3, 6)
(41, 0, 12)
(41, 1, 12)
(41, 2, 12)
(41, 3, 7)
(42, 0, 12)
(42, 1, 12)
(42, 2, 12)
(42, 3, 7)
(42, 4, 19)
(43, 0, 12)
(43, 1, 12)
(43, 2, 12)
(43, 3, 6)
(44, 0, 12)
(44, 1, 12)
(44, 2, 12)
(44, 3, 7)
(44, 4, 15)
(45, 0, 12)
(45, 1, 12)
(45, 2, 12)
(45, 3, 7)
(45, 4, 16)
(46, 0, 12)
(46, 1, 12)
(46, 2, 12)
(46, 3, 6)
(47, 0, 13)
(47, 1, 10)
(47, 2, 5)
(47, 3, 2)
(49, 1, 11)
(49, 2, 3)
(49, 3, 0)
(50, 1, 12)
(50, 2, 12)
(50, 3, 6)
(51, 1, 12)
(51, 2, 12)
(51, 3, 6)
(51, 4, 18)
(52, 1, 13)
(52, 2, 5)
(52, 3, 2)
(54, 2, 11)
(54, 3, 8)
(54, 4, 0)
(55, 2, 12)
(55, 3, 4)
(55, 4, 6)
(56, 2, 12)
(56, 3, 4)
(56, 4, 7)
(57, 2, 12)
(57, 3, 12)
(57, 4, 6)
(57, 5, 14)
(58, 2, 12)
(58, 3, 12)
(58, 4, 7)
(59, 2, 12)
(59, 3, 12)
(59, 4, 6)
(59, 5, 14)
(60, 2, 12)
(60, 3, 12)
(60, 4, 7)
(61, 2, 12)
(61, 3, 9)
(61, 4, 7)
(61, 5, 14)
(62, 2, 12)
(62, 3, 12)
(62, 4, 1)
(63, 2, 12)
(63, 3, 12)
(63, 4, 6)
(63, 5, 14)
(64, 2, 13)
(64, 3, 10)
(64, 4, 2)
(0, 1, 8)
(0, 2, 8)
(0, 3, 3)
(0, 4, 0)
(1, 0, 12)
(1, 1, 12)
(1, 2, 12)
(1, 3, 12)
(1, 4, 6)
(1, 6, 11)
(1, 7, 0)
(2, 0, 12)
(2, 1, 12)
(2, 2, 12)
(2, 3, 12)
(2, 4, 7)
(2, 6, 12)
(2, 7, 6)
(3, 0, 12)
(3, 1, 12)
(3, 2, 12)
(3, 3, 12)
(3, 4, 7)
(3, 6, 12)
(3, 7, 7)
(3, 8, 15)
(4, 0, 12)
(4, 1, 12)
(4, 2, 12)
(4, 3, 12)
(4, 4, 7)
(4, 6, 12)
(4, 7, 6)
(4, 8, 16)
(5, 0, 12)
(5, 1, 12)
(5, 2, 12)
(5, 3, 12)
(5, 4, 7)
(5, 6, 13)
(5, 7, 2)
(6, 0, 12)
(6, 1, 12)
(6, 2, 12)
(6, 3, 12)
(6, 4, 6)
(7, 0, 12)
(7, 1, 12)
(7, 2, 12)
(7, 3, 12)
(7, 4, 7)
(7, 7, 11)
(7, 8, 0)
(8, 0, 12)
(8, 1, 12)
(8, 2, 12)
(8, 3, 12)
(8, 4, 6)
(8, 7, 12)
(8, 8, 6)
(9, 0, 12)
(9, 1, 12)
(9, 2, 12)
(9, 3, 12)
(9, 4, 7)
(9, 5, 17)
(9, 7, 12)
(9, 8, 7)
(9, 9, 15)
(10, 0, 12)
(10, 1, 12)
(10, 2, 12)
(10, 3, 12)
(10, 4, 6)
(10, 5, 18)
(10, 7, 12)
(10, 8, 6)
(10, 9, 16)
(11, 0, 13)
(11, 1, 5)
(11, 2, 10)
(11, 3, 5)
(11, 4, 2)
(11, 7, 13)
(11, 8, 2)
(15, 0, 11)
(15, 1, 8)
(15, 2, 3)
(15, 3, 0)
(16, 0, 12)
(16, 1, 12)
(16, 2, 12)
(16, 3, 6)
(16, 4, 19)
(17, 0, 12)
(17, 1, 12)
(17, 2, 12)
(17, 3, 7)
(18, 0, 12)
(18, 1, 12)
(18, 2, 9)
(18, 3, 6)
(18, 4, 19)
(19, 0, 13)
(19, 1, 10)
(19, 2, 5)
(19, 3, 2)
(22, 4, 11)
(22, 5, 3)
(22, 6, 0)
(23, 4, 12)
(23, 5, 4)
(23, 6, 6)
(24, 4, 12)
(24, 5, 12)
(24, 6, 7)
(24, 7, 19)
(25, 4, 12)
(25, 5, 12)
(25, 6, 6)
(26, 4, 13)
(26, 5, 10)
(26, 6, 2)
(29, 0, 11)
(29, 1, 8)
(29, 2, 8)
(29, 3, 3)
(29, 4, 0)
(30, 0, 12)
(30, 1, 12)
(30, 2, 12)
(30, 3, 12)
(30, 4, 6)
(30, 5, 17)
(31, 0, 12)
(31, 1, 12)
(31, 2, 12)
(31, 3, 12)
(31, 4, 7)
(31, 5, 14)
(32, 0, 12)
(32, 1, 12)
(32, 2, 12)
(32, 3, 12)
(32, 4, 7)
(32, 5, 17)
(33, 0, 12)
(33, 1, 12)
(33, 2, 12)
(33, 3, 12)
(33, 4, 6)
(33, 5, 14)
(34, 0, 13)
(34, 1, 5)
(34, 2, 10)
(34, 3, 5)
(34, 4, 2)
(34, 5, 17)
(39, 0, 11)
(39, 1, 8)
(39, 2, 3)
(39, 3, 0)
(40, 0, 12)
(40, 1, 12)
(40, 2, 12)
(40, 3, 6)
(41, 0, 11)
(41, 1, 8)
(41, 2, 8)
(41, 3, 3)
(41, 4, 3)
(41, 5, 0)
(42, 0, 12)
(42, 1, 12)
(42, 2, 12)
(42, 3, 12)
(42, 4, 4)
(42, 5, 6)
(43, 0, 12)
(43, 1, 12)
(43, 2, 12)
(43, 3, 12)
(43, 4, 12)
(43, 5, 7)
(44, 0, 12)
(44, 1, 12)
(44, 2, 12)
(44, 3, 12)
(44, 4, 12)
(44, 5, 6)
(44, 6, 18)
(45, 0, 13)
(45, 1, 5)
(45, 2, 10)
(45, 3, 5)
(45, 4, 10)
(45, 5, 2)
(46, 0, 12)
(46, 1, 12)
(46, 2, 12)
(46, 3, 6)
(47, 0, 13)
(47, 1, 10)
(47, 2, 5)
(47, 3, 2)
(49, 2, 11)
(49, 3, 0)
(50, 2, 12)
(50, 3, 6)
(50, 4, 14)
(51, 2, 12)
(51, 3, 6)
(52, 2, 13)
(52, 3, 2)
(54, 2, 11)
(54, 3, 8)
(54, 4, 0)
(55, 2, 12)
(55, 3, 4)
(55, 4, 6)
(55, 5, 19)
(56, 2, 12)
(56, 3, 4)
(56, 4, 7)
(56, 5, 19)
(57, 2, 12)
(57, 3, 12)
(57, 4, 6)
(57, 5, 19)
(58, 2, 12)
(58, 3, 12)
(58, 4, 7)
(59, 2, 12)
(59, 3, 12)
(59, 4, 6)
(60, 2, 12)
(60, 3, 12)
(60, 4, 7)
(60, 5, 19)
(61, 2, 12)
(61, 3, 9)
(61, 4, 7)
(61, 5, 19)
(62, 2, 12)
(62, 3, 12)
(62, 4, 1)
(63, 2, 12)
(63, 3, 12)
(63, 4, 6)
(64, 2, 13)
(64, 3, 10)
(64, 4, 2)
(0, 1, 8)
(0, 2, 8)
(0, 3, 3)
(0, 4, 0)
(0, 5, 19)
(1, 0, 12)
(1, 1, 12)
(1, 2, 12)
(1, 3, 12)
(1, 4, 6)
(1, 5, 15)
(2, 0, 12)
(2, 1, 12)
(2, 2, 12)
(2, 3, 12)
(2, 4, 7)
(2, 5, 16)
(3, 0, 12)
(3, 1, 12)
(3, 2, 12)
(3, 3, 12)
(3, 4, 7)
(3, 5, 19)
(4, 0, 12)
(4, 1, 12)
(4, 2, 12)
(4, 3, 12)
(4, 4, 7)
(4, 5, 15)
(5, 0, 12)
(5, 1, 12)
(5, 2, 12)
(5, 3, 12)
(5, 4, 7)
(5, 5, 16)
(6, 0, 12)
(6, 1, 12)
(6, 2, 12)
(6, 3, 12)
(6, 4, 6)
(6, 5, 19)
(7, 0, 12)
(7, 1, 12)
(7, 2, 12)
(7, 3, 12)
(7, 4, 7)
(7, 5, 15)
(8, 0, 12)
(8, 1, 12)
(8, 2, 12)
(8, 3, 12)
(8, 4, 6)
(8, 5, 16)
(9, 0, 12)
(9, 1, 12)
(9, 2, 12)
(9, 3, 12)
(9, 4, 7)
(9, 5, 19)
(10, 0, 12)
(10, 1, 12)
(10, 2, 12)
(10, 3, 12)
(10, 4, 6)
(10, 5, 15)
(11, 0, 13)
(11, 1, 5)
(11, 2, 10)
(11, 3, 5)
(11, 4, 2)
(11, 5, 16)
(16, 5, 11)
(16, 6, 0)
(16, 7, 17)
(17, 5, 12)
(17, 6, 6)
(17, 7, 14)
(18, 5, 12)
(18, 6, 7)
(18, 7, 17)
(19, 5, 12)
(19, 6, 6)
(19, 7, 14)
(20, 5, 13)
(20, 6, 2)
(20, 7, 17)
(23, 8, 11)
(23, 9, 0)
(24, 8, 12)
(24, 9, 6)
(25, 8, 12)
(25, 9, 7)
(25, 10, 18)
(26, 8, 12)
(26, 9, 6)
(27, 8, 13)
(27, 9, 2)
(30, 5, 11)
(30, 6, 0)
(31, 5, 12)
(31, 6, 6)
(31, 7, 19)
(32, 5, 12)
(32, 6, 7)
(33, 5, 12)
(33, 6, 6)
(33, 7, 19)
(34, 5, 13)
(34, 6, 2)
(39, 1, 11)
(39, 2, 8)
(39, 3, 3)
(39, 4, 0)
(40, 1, 12)
(40, 2, 12)
(40, 3, 4)
(40, 4, 6)
(41, 1, 12)
(41, 2, 12)
(41, 3, 12)
(41, 4, 7)
(42, 1, 12)
(42, 2, 12)
(42, 3, 12)
(42, 4, 7)
(43, 1, 12)
(43, 2, 12)
(43, 3, 12)
(43, 4, 7)
(43, 5, 19)
(44, 1, 12)
(44, 2, 12)
(44, 3, 12)
(44, 4, 6)
(45, 1, 12)
(45, 2, 12)
(45, 3, 12)
(45, 4, 7)
(46, 1, 12)
(46, 2, 12)
(46, 3, 12)
(46, 4, 7)
(47, 1, 12)
(47, 2, 12)
(47, 3, 12)
(47, 4, 6)
(48, 1, 12)
(48, 2, 12)
(48, 3, 12)
(48, 4, 7)
(48, 5, 19)
(49, 1, 12)
(49, 2, 12)
(49, 3, 12)
(49, 4, 7)
(50, 1, 12)
(50, 2, 12)
(50, 3, 12)
(50, 4, 6)
(50, 5, 19)
(51, 1, 13)
(51, 2, 10)
(51, 3, 5)
(51, 4, 2)
(0, 1, 12)
(0, 2, 12)
(0, 3, 12)
(0, 4, 12)
(0, 5, 12)
(0, 6, 12)
(0, 7, 7)
(0, 8, 15)
(1, 0, 12)
(1, 1, 12)
(1, 2, 12)
(1, 3, 12)
(1, 4, 12)
(1, 5, 12)
(1, 6, 12)
(1, 7, 6)
(1, 8, 16)
(2, 0, 13)
(2, 1, 5)
(2, 2, 10)
(2, 3, 5)
(2, 4, 5)
(2, 5, 10)
(2, 6, 5)
(2, 7, 2)
(5, 3, 11)
(5, 4, 0)
(6, 3, 12)
(6, 4, 6)
(7, 3, 9)
(7, 4, 7)
(7, 5, 17)
(8, 3, 12)
(8, 4, 7)
(9, 3, 12)
(9, 4, 6)
(9, 5, 19)
(10, 3, 13)
(10, 4, 2)
(11, 7, 11)
(11, 8, 0)
(12, 7, 12)
(12, 8, 6)
(13, 7, 12)
(13, 8, 7)
(14, 7, 12)
(14, 8, 7)
(14, 9, 17)
(15, 7, 9)
(15, 8, 6)
(16, 7, 13)
(16, 8, 2)
(22, 3, 11)
(22, 4, 8)
(22, 5, 3)
(22, 6, 0)
(23, 3, 12)
(23, 4, 12)
(23, 5, 12)
(23, 6, 6)
(24, 3, 12)
(24, 4, 12)
(24, 5, 12)
(24, 6, 1)
(25, 3, 12)
(25, 4, 12)
(25, 5, 12)
(25, 6, 6)
(26, 3, 12)
(26, 4, 12)
(26, 5, 12)
(26, 6, 7)
(26, 7, 15)
(27, 3, 12)
(27, 4, 12)
(27, 5, 12)
(27, 6, 7)
(27, 7, 16)
(28, 3, 12)
(28, 4, 12)
(28, 5, 12)
(28, 6, 6)
(29, 3, 13)
(29, 4, 5)
(29, 5, 5)
(29, 6, 2)
(34, 7, 11)
(34, 8, 3)
(34, 9, 0)
(35, 7, 12)
(35, 8, 12)
(35, 9, 6)
(36, 7, 12)
(36, 8, 12)
(36, 9, 7)
(37, 7, 12)
(37, 8, 12)
(37, 9, 7)
(37, 10, 18)
(38, 7, 12)
(38, 8, 12)
(38, 9, 6)
(39, 7, 13)
(39, 8, 5)
(39, 9, 2)
(44, 9, 11)
(44, 10, 3)
(44, 11, 0)
(45, 9, 12)
(45, 10, 4)
(45, 11, 1)
(46, 9, 13)
(46, 10, 5)
(46, 11, 2)
(50, 2, 11)
(50, 3, 8)
(50, 4, 8)
(50, 5, 3)
(50, 6, 8)
(50, 7, 8)
(50, 8, 3)
(50, 9, 0)
(51, 2, 12)
(51, 3, 12)
(51, 4, 12)
(51, 5, 12)
(51, 6, 12)
(51, 7, 12)
(51, 8, 12)
(51, 9, 6)
(52, 2, 12)
(52, 3, 12)
(52, 4, 12)
(52, 5, 12)
(52, 6, 12)
(52, 7, 12)
(52, 8, 12)
(52, 9, 7)
(52, 10, 19)
(0, 1, 8)
(0, 2, 8)
(0, 3, 3)
(0, 4, 8)
(0, 5, 8)
(0, 6, 3)
(0, 7, 0)
(0, 8, 19)
(1, 0, 12)
(1, 1, 12)
(1, 2, 12)
(1, 3, 12)
(1, 4, 12)
(1, 5, 12)
(1, 6, 4)
(1, 7, 6)
(1, 8, 15)
(2, 0, 12)
(2, 1, 12)
(2, 2, 12)
(2, 3, 12)
(2, 4, 12)
(2, 5, 12)
(2, 6, 12)
(2, 7, 7)
(2, 8, 16)
(3, 0, 12)
(3, 1, 12)
(3, 2, 12)
(3, 3, 12)
(3, 4, 12)
(3, 5, 12)
(3, 6, 12)
(3, 7, 6)
(3, 8, 19)
(4, 0, 13)
(4, 1, 10)
(4, 2, 5)
(4, 3, 5)
(4, 4, 10)
(4, 5, 5)
(4, 6, 10)
(4, 7, 2)
(5, 0, 12)
(5, 1, 12)
(5, 2, 12)
(5, 3, 12)
(5, 4, 6)
(6, 0, 12)
(6, 1, 12)
(6, 2, 12)
(6, 3, 12)
(6, 4, 7)
(7, 0, 12)
(7, 1, 12)
(7, 2, 12)
(7, 3, 12)
(7, 4, 6)
(7, 5, 18)
(8, 0, 13)
(8, 1, 10)
(8, 2, 5)
(8, 3, 10)
(8, 4, 2)
(9, 0, 12)
(9, 1, 12)
(9, 2, 6)
(10, 0, 13)
(10, 1, 10)
(10, 2, 2)
(13, 1, 11)
(13, 2, 0)
(13, 3, 17)
(14, 1, 12)
(14, 2, 6)
(14, 3, 14)
(15, 1, 12)
(15, 2, 7)
(15, 3, 17)
(16, 1, 12)
(16, 2, 7)
(16, 3, 14)
(17, 1, 12)
(17, 2, 6)
(17, 3, 17)
(18, 1, 13)
(18, 2, 2)
(22, 3, 11)
(22, 4, 3)
(22, 5, 0)
(23, 3, 12)
(23, 4, 4)
(23, 5, 1)
(24, 3, 13)
(24, 4, 5)
(24, 5, 2)
(28, 6, 11)
(28, 7, 3)
(28, 8, 0)
(29, 6, 12)
(29, 7, 4)
(29, 8, 1)
(30, 6, 13)
(30, 7, 5)
(30, 8, 2)
(34, 0, 11)
(34, 1, 8)
(34, 2, 3)
(34, 3, 8)
(34, 4, 8)
(34, 5, 8)
(34, 6, 3)
(34, 7, 8)
(34, 8, 8)
(34, 9, 8)
(34, 10, 8)
(34, 11, 3)
(34, 12, 0)
(34, 13, 15)
(35, 0, 12)
(35, 1, 12)
(35, 2, 12)
(35, 3, 12)
(35, 4, 12)
(35, 5, 12)
(35, 6, 12)
(35, 7, 12)
(35, 8, 12)
(35, 9, 12)
(35, 10, 12)
(35, 11, 12)
(35, 12, 6)
(35, 13, 16)
(36, 0, 13)
(36, 1, 5)
(36, 2, 10)
(36, 3, 5)
(36, 4, 10)
(36, 5, 5)
(36, 6, 5)
(36, 7, 10)
(36, 8, 5)
(36, 9, 5)
(36, 10, 10)
(36, 11, 5)
(36, 12, 2)
(36, 13, 19)
(0, 1, 11)
(0, 2, 3)
(0, 3, 0)
(1, 0, 12)
(1, 1, 12)
(1, 2, 4)
(1, 3, 1)
(2, 0, 4)
(2, 1, 12)
(2, 2, 9)
(2, 3, 6)
(3, 0, 12)
(3, 1, 12)
(3, 2, 4)
(3, 3, 7)
(3, 4, 14)
(4, 0, 12)
(4, 1, 12)
(4, 2, 12)
(4, 3, 6)
(5, 0, 4)
(5, 1, 12)
(5, 2, 12)
(5, 3, 7)
(6, 0, 12)
(6, 1, 12)
(6, 2, 12)
(6, 3, 6)
(7, 0, 12)
(7, 1, 4)
(7, 2, 12)
(7, 3, 12)
(7, 4, 0)
(8, 0, 12)
(8, 1, 4)
(8, 2, 4)
(8, 3, 4)
(8, 4, 1)
(9, 0, 12)
(9, 1, 4)
(9, 2, 4)
(9, 3, 13)
(9, 4, 2)
(10, 0, 4)
(10, 1, 4)
(11, 0, 12)
(11, 1, 4)
(11, 2, 11)
(11, 3, 0)
(12, 0, 12)
(12, 1, 4)
(12, 2, 4)
(12, 3, 6)
(12, 4, 15)
(13, 0, 4)
(13, 1, 4)
(13, 2, 12)
(13, 3, 7)
(13, 4, 16)
(14, 0, 12)
(14, 1, 4)
(14, 2, 13)
(14, 3, 2)
(15, 0, 12)
(15, 1, 12)
(16, 0, 12)
(16, 1, 12)
(16, 2, 11)
(16, 3, 3)
(16, 4, 0)
(17, 0, 12)
(17, 1, 12)
(17, 2, 12)
(17, 3, 12)
(17, 4, 6)
(18, 0, 12)
(18, 1, 12)
(18, 2, 9)
(18, 3, 4)
(18, 4, 7)
(19, 0, 13)
(19, 1, 5)
(19, 2, 10)
(19, 3, 5)
(19, 4, 2)
(23, 5, 11)
(23, 6, 0)
(24, 5, 9)
(24, 6, 1)
(25, 5, 12)
(25, 6, 6)
(26, 5, 4)
(26, 6, 7)
(26, 7, 19)
(27, 5, 13)
(27, 6, 2)
(31, 5, 11)
(31, 6, 0)
(32, 5, 12)
(32, 6, 6)
(33, 5, 12)
(33, 6, 1)
(34, 5, 12)
(34, 6, 7)
(35, 5, 13)
(35, 6, 2)
(40, 5, 11)
(40, 6, 0)
(41, 5, 12)
(41, 6, 7)
(42, 5, 4)
(42, 6, 6)
(42, 7, 18)
(43, 5, 9)
(43, 6, 1)
(44, 5, 13)
(44, 6, 2)
(47, 2, 11)
(47, 3, 0)
(48, 2, 12)
(48, 3, 1)
(49, 2, 9)
(49, 3, 6)
(50, 2, 12)
(50, 3, 7)
(51, 2, 13)
(51, 3, 2)
(56, 0, 11)
(56, 1, 3)
(56, 2, 0)
(57, 0, 12)
(57, 1, 4)
(57, 2, 6)
(58, 0, 12)
(58, 1, 12)
(58, 2, 7)
(59, 0, 12)
(59, 1, 12)
(59, 2, 1)
(60, 0, 12)
(60, 1, 12)
(60, 2, 6)
(61, 0, 12)
(61, 1, 12)
(61, 2, 7)
(61, 3, 17)
(62, 0, 13)
(62, 1, 5)
(62, 2, 2)
(0, 0, 4)
(0, 1, 11)
(0, 2, 3)
(0, 3, 0)
(1, 0, 12)
(1, 1, 12)
(1, 2, 4)
(1, 3, 1)
(2, 0, 4)
(2, 1, 12)
(2, 2, 9)
(2, 3, 6)
(3, 0, 12)
(3, 1, 12)
(3, 2, 4)
(3, 3, 7)
(3, 4, 14)
(4, 0, 12)
(4, 1, 12)
(4, 2, 12)
(4, 3, 6)
(5, 0, 4)
(5, 1, 12)
(5, 2, 12)
(5, 3, 7)
(6, 0, 12)
(6, 1, 12)
(6, 2, 12)
(6, 3, 6)
(7, 0, 12)
(7, 1, 4)
(7, 2, 12)
(7, 3, 12)
(7, 4, 0)
(8, 0, 12)
(8, 1, 4)
(8, 2, 4)
(8, 3, 4)
(8, 4, 1)
(9, 0, 12)
(9, 1, 4)
(9, 2, 4)
(9, 3, 13)
(9, 4, 2)
(10, 0, 4)
(10, 1, 4)
(11, 0, 12)
(11, 1, 4)
(11, 2, 11)
(11, 3, 0)
(12, 0, 12)
(12, 1, 4)
(12, 2, 4)
(12, 3, 6)
(12, 4, 15)
(13, 0, 4)
(13, 1, 4)
(13, 2, 12)
(13, 3, 7)
(13, 4, 16)
(14, 0, 12)
(14, 1, 4)
(14, 2, 13)
(14, 3, 2)
(15, 0, 12)
(15, 1, 12)
(16, 0, 12)
(16, 1, 12)
(16, 2, 11)
(16, 3, 3)
(16, 4, 0)
(17, 0, 12)
(17, 1, 12)
(17, 2, 12)
(17, 3, 12)
(17, 4, 6)
(18, 0, 12)
(18, 1, 12)
(18, 2, 9)
(18, 3, 4)
(18, 4, 7)
(19, 0, 13)
(19, 1, 5)
(19, 2, 10)
(19, 3, 5)
(19, 4, 2)
(23, 5, 11)
(23, 6, 0)
(24, 5, 9)
(24, 6, 1)
(25, 5, 12)
(25, 6, 6)
(26, 5, 4)
(26, 6, 7)
(26, 7, 19)
(27, 5, 13)
(27, 6, 2)
(31, 5, 11)
(31, 6, 0)
(32, 5, 12)
(32, 6, 6)
(33, 5, 12)
(33, 6, 1)
(34, 5, 12)
(34, 6, 7)
(35, 5, 13)
(35, 6, 2)
(40, 5, 11)
(40, 6, 0)
(41, 5, 12)
(41, 6, 7)
(42, 5, 4)
(42, 6, 6)
(42, 7, 18)
(43, 5, 9)
(43, 6, 1)
(44, 5, 13)
(44, 6, 2)
(47, 2, 11)
(47, 3, 0)
(48, 2, 12)
(48, 3, 1)
(49, 2, 9)
(49, 3, 6)
(50, 2, 12)
(50, 3, 7)
(51, 2, 13)
(51, 3, 2)
(56, 0, 11)
(56, 1, 3)
(56, 2, 0)
(57, 0, 12)
(57, 1, 4)
(57, 2, 6)
(58, 0, 12)
(58, 1, 12)
(58, 2, 7)
(59, 0, 12)
(59, 1, 12)
(59, 2, 1)
(60, 0, 12)
(60, 1, 12)
(60, 2, 6)
(61, 0, 12)
(61, 1, 12)
(61, 2, 7)
(61, 3, 17)
(62, 0, 13)
(62, 1, 5)
(62, 2, 2)
(0, 6, 3)
(0, 7, 0)
(0, 8, 19)
(1, 5, 12)
(1, 6, 4)
(1, 7, 6)
(1, 8, 15)
(2, 5, 12)
(2, 6, 12)
(2, 7, 7)
(2, 8, 16)
(3, 5, 12)
(3, 6, 12)
(3, 7, 6)
(3, 8, 19)
(4, 5, 12)
(4, 6, 12)
(4, 7, 1)
(5, 5, 13)
(5, 6, 5)
(5, 7, 2)
(8, 0, 11)
(8, 1, 8)
(8, 2, 8)
(8, 3, 8)
(8, 4, 3)
(8, 5, 0)
(9, 0, 12)
(9, 1, 12)
(9, 2, 12)
(9, 3, 12)
(9, 4, 12)
(9, 5, 1)
(10, 0, 13)
(10, 1, 5)
(10, 2, 10)
(10, 3, 5)
(10, 4, 5)
(10, 5, 2)
(13, 0, 11)
(13, 1, 8)
(13, 2, 8)
(13, 3, 8)
(13, 4, 3)
(13, 5, 0)
(14, 0, 12)
(14, 1, 12)
(14, 2, 12)
(14, 3, 12)
(14, 4, 12)
(14, 5, 7)
(14, 6, 17)
(15, 0, 13)
(15, 1, 5)
(15, 2, 10)
(15, 3, 5)
(15, 4, 5)
(15, 5, 2)
(18, 0, 11)
(18, 1, 8)
(18, 2, 8)
(18, 3, 3)
(18, 4, 0)
(19, 0, 12)
(19, 1, 12)
(19, 2, 12)
(19, 3, 12)
(19, 4, 6)
(20, 0, 13)
(20, 1, 5)
(20, 2, 10)
(20, 3, 5)
(20, 4, 2)
(23, 1, 11)
(23, 2, 3)
(23, 3, 0)
(24, 1, 12)
(24, 2, 12)
(24, 3, 6)
(25, 1, 12)
(25, 2, 12)
(25, 3, 7)
(26, 1, 12)
(26, 2, 12)
(26, 3, 7)
(26, 4, 18)
(27, 1, 12)
(27, 2, 12)
(27, 3, 6)
(28, 1, 13)
(28, 2, 5)
(28, 3, 2)
(31, 3, 11)
(31, 4, 3)
(31, 5, 0)
(32, 3, 12)
(32, 4, 12)
(32, 5, 6)
(33, 3, 12)
(33, 4, 12)
(33, 5, 7)
(34, 3, 12)
(34, 4, 12)
(34, 5, 6)
(35, 3, 12)
(35, 4, 12)
(35, 5, 1)
(35, 8, 11)
(35, 9, 0)
(35, 10, 18)
(36, 3, 12)
(36, 4, 12)
(36, 5, 6)
(36, 8, 12)
(36, 9, 6)
(36, 10, 19)
(37, 3, 12)
(37, 4, 12)
(37, 5, 7)
(37, 6, 19)
(37, 8, 12)
(37, 9, 7)
(37, 10, 15)
(38, 3, 12)
(38, 4, 12)
(38, 5, 6)
(38, 8, 12)
(38, 9, 6)
(38, 10, 16)
(39, 3, 4)
(39, 4, 12)
(39, 5, 7)
(39, 6, 19)
(39, 8, 13)
(39, 9, 2)
(39, 10, 19)
(40, 3, 12)
(40, 4, 9)
(40, 5, 7)
(40, 6, 19)
(41, 3, 4)
(41, 4, 12)
(41, 5, 6)
(41, 6, 14)
(42, 3, 13)
(42, 4, 5)
(42, 5, 2)
(42, 6, 19)
(0, 2, 3)
(0, 3, 0)
(1, 1, 12)
(1, 2, 4)
(1, 3, 1)
(2, 1, 12)
(2, 2, 9)
(2, 3, 6)
(3, 1, 12)
(3, 2, 4)
(3, 3, 7)
(3, 4, 15)
(4, 1, 12)
(4, 2, 12)
(4, 3, 6)
(4, 4, 16)
(5, 1, 12)
(5, 2, 12)
(5, 3, 7)
(6, 1, 12)
(6, 2, 12)
(6, 3, 6)
(7, 1, 13)
(7, 2, 5)
(7, 3, 2)
(10, 3, 11)
(10, 4, 0)
(11, 3, 12)
(11, 4, 7)
(12, 3, 12)
(12, 4, 1)
(13, 3, 13)
(13, 4, 2)
(16, 1, 11)
(16, 2, 3)
(16, 3, 0)
(17, 1, 4)
(17, 2, 12)
(17, 3, 7)
(18, 1, 12)
(18, 2, 4)
(18, 3, 6)
(19, 1, 12)
(19, 2, 12)
(19, 3, 1)
(20, 1, 12)
(20, 2, 12)
(20, 3, 7)
(21, 1, 9)
(21, 2, 12)
(21, 3, 6)
(22, 1, 12)
(22, 2, 12)
(22, 3, 7)
(22, 4, 18)
(23, 1, 12)
(23, 2, 12)
(23, 3, 6)
(24, 1, 13)
(24, 2, 5)
(24, 3, 2)
(29, 3, 11)
(29, 4, 0)
(30, 3, 12)
(30, 4, 1)
(31, 3, 12)
(31, 4, 7)
(32, 3, 12)
(32, 4, 12)
(32, 5, 0)
(33, 3, 12)
(33, 4, 12)
(33, 5, 6)
(34, 3, 12)
(34, 4, 12)
(34, 5, 9)
(34, 6, 0)
(35, 3, 12)
(35, 4, 12)
(35, 5, 12)
(35, 6, 7)
(36, 3, 12)
(36, 4, 12)
(36, 5, 12)
(36, 6, 12)
(36, 7, 11)
(36, 8, 0)
(37, 3, 12)
(37, 4, 12)
(37, 5, 12)
(37, 6, 12)
(37, 7, 12)
(37, 8, 1)
(38, 3, 12)
(38, 4, 12)
(38, 5, 12)
(38, 6, 12)
(38, 7, 13)
(38, 8, 2)
(38, 9, 19)
(39, 3, 12)
(39, 4, 12)
(39, 5, 12)
(39, 6, 6)
(40, 3, 12)
(40, 4, 12)
(40, 5, 12)
(40, 6, 2)
(41, 3, 12)
(41, 4, 12)
(41, 5, 6)
(42, 3, 12)
(42, 4, 12)
(42, 5, 2)
(43, 3, 12)
(43, 4, 7)
(44, 3, 12)
(44, 4, 1)
(45, 3, 13)
(45, 4, 2)
(49, 3, 11)
(49, 4, 0)
(50, 3, 9)
(50, 4, 6)
(51, 3, 12)
(51, 4, 7)
(51, 5, 14)
(52, 3, 13)
(52, 4, 2)
(56, 0, 11)
(56, 1, 3)
(56, 2, 0)
(57, 0, 12)
(57, 1, 4)
(57, 2, 6)
(58, 0, 12)
(58, 1, 12)
(58, 2, 7)
(59, 0, 12)
(59, 1, 12)
(59, 2, 1)
(60, 0, 12)
(60, 1, 12)
(60, 2, 6)
(61, 0, 12)
(61, 1, 12)
(61, 2, 7)
(62, 0, 13)
(62, 1, 5)
(62, 2, 2)
(0, 1, 8)
(0, 2, 8)
(0, 3, 3)
(0, 4, 0)
(1, 0, 12)
(1, 1, 12)
(1, 2, 12)
(1, 3, 4)
(1, 4, 1)
(2, 0, 12)
(2, 1, 4)
(2, 2, 12)
(2, 3, 9)
(2, 4, 6)
(2, 5, 19)
(3, 0, 9)
(3, 1, 12)
(3, 2, 12)
(3, 3, 4)
(3, 4, 7)
(4, 0, 12)
(4, 1, 4)
(4, 2, 12)
(4, 3, 12)
(4, 4, 6)
(5, 0, 12)
(5, 1, 9)
(5, 2, 12)
(5, 3, 12)
(5, 4, 7)
(5, 5, 19)
(6, 0, 12)
(6, 1, 4)
(6, 2, 12)
(6, 3, 12)
(6, 4, 6)
(6, 5, 19)
(7, 0, 12)
(7, 1, 12)
(7, 2, 12)
(7, 3, 4)
(7, 4, 1)
(8, 0, 4)
(8, 1, 12)
(8, 2, 12)
(8, 3, 12)
(8, 4, 7)
(9, 0, 12)
(9, 1, 9)
(9, 2, 4)
(9, 3, 12)
(9, 4, 6)
(10, 0, 13)
(10, 1, 10)
(10, 2, 5)
(10, 3, 5)
(10, 4, 2)
(10, 5, 19)
(14, 4, 11)
(14, 5, 0)
(15, 4, 4)
(15, 5, 6)
(16, 4, 12)
(16, 5, 7)
(16, 6, 14)
(17, 4, 13)
(17, 5, 2)
(20, 6, 11)
(20, 7, 0)
(21, 6, 12)
(21, 7, 6)
(21, 8, 15)
(22, 6, 4)
(22, 7, 7)
(22, 8, 16)
(23, 6, 13)
(23, 7, 2)
(26, 4, 11)
(26, 5, 0)
(27, 4, 9)
(27, 5, 6)
(28, 4, 13)
(28, 5, 2)
(31, 6, 11)
(31, 7, 0)
(32, 6, 4)
(32, 7, 1)
(33, 6, 12)
(33, 7, 6)
(34, 6, 13)
(34, 7, 2)
(34, 8, 18)
(39, 3, 11)
(39, 4, 0)
(40, 3, 4)
(40, 4, 6)
(41, 3, 12)
(41, 4, 7)
(42, 3, 11)
(42, 4, 8)
(42, 5, 3)
(42, 6, 8)
(42, 7, 0)
(43, 3, 12)
(43, 4, 12)
(43, 5, 12)
(43, 6, 4)
(43, 7, 1)
(44, 3, 13)
(44, 4, 5)
(44, 5, 10)
(44, 6, 5)
(44, 7, 2)
(45, 3, 4)
(45, 4, 6)
(46, 3, 11)
(46, 4, 3)
(46, 5, 0)
(47, 3, 12)
(47, 4, 12)
(47, 5, 7)
(48, 3, 13)
(48, 4, 5)
(48, 5, 2)
(49, 3, 4)
(49, 4, 7)
(50, 3, 12)
(50, 4, 6)
(51, 3, 11)
(51, 4, 8)
(51, 5, 8)
(51, 6, 3)
(51, 7, 0)
(52, 3, 12)
(52, 4, 4)
(52, 5, 12)
(52, 6, 12)
(52, 7, 1)
(53, 3, 13)
(53, 4, 10)
(53, 5, 5)
(53, 6, 5)
(53, 7, 2)
(56, 1, 11)
(56, 2, 3)
(56, 3, 0)
(57, 1, 12)
(57, 2, 4)
(57, 3, 6)
(58, 1, 12)
(58, 2, 12)
(58, 3, 7)
(59, 1, 12)
(59, 2, 12)
(59, 3, 1)
(60, 1, 12)
(60, 2, 12)
(60, 3, 6)
(61, 1, 12)
(61, 2, 12)
(61, 3, 7)
(61, 4, 17)
(62, 1, 13)
(62, 2, 5)
(62, 3, 2)
(0, 1, 8)
(0, 2, 3)
(0, 3, 0)
(1, 0, 12)
(1, 1, 12)
(1, 2, 4)
(1, 3, 1)
(2, 0, 4)
(2, 1, 12)
(2, 2, 9)
(2, 3, 6)
(2, 4, 14)
(3, 0, 12)
(3, 1, 12)
(3, 2, 4)
(3, 3, 7)
(3, 4, 14)
(4, 0, 4)
(4, 1, 12)
(4, 2, 12)
(4, 3, 6)
(4, 4, 17)
(5, 0, 9)
(5, 1, 12)
(5, 2, 12)
(5, 3, 7)
(5, 4, 15)
(6, 0, 4)
(6, 1, 12)
(6, 2, 12)
(6, 3, 6)
(6, 4, 16)
(7, 0, 12)
(7, 1, 12)
(7, 2, 4)
(7, 3, 7)
(7, 4, 17)
(8, 0, 12)
(8, 1, 12)
(8, 2, 12)
(8, 3, 7)
(8, 4, 15)
(9, 0, 9)
(9, 1, 4)
(9, 2, 12)
(9, 3, 6)
(9, 4, 16)
(10, 0, 13)
(10, 1, 5)
(10, 2, 5)
(10, 3, 2)
(10, 4, 17)
(14, 3, 11)
(14, 4, 0)
(15, 3, 4)
(15, 4, 6)
(16, 3, 12)
(16, 4, 7)
(16, 5, 18)
(17, 3, 13)
(17, 4, 2)
(20, 1, 11)
(20, 2, 0)
(20, 5, 11)
(20, 6, 0)
(21, 1, 12)
(21, 2, 1)
(21, 5, 12)
(21, 6, 6)
(22, 1, 12)
(22, 2, 7)
(22, 5, 4)
(22, 6, 7)
(23, 1, 13)
(23, 2, 2)
(23, 5, 13)
(23, 6, 2)
(26, 3, 11)
(26, 4, 0)
(27, 3, 9)
(27, 4, 7)
(28, 3, 4)
(28, 4, 6)
(29, 3, 13)
(29, 4, 2)
(34, 1, 11)
(34, 2, 8)
(34, 3, 0)
(35, 1, 12)
(35, 2, 4)
(35, 3, 1)
(36, 1, 12)
(36, 2, 12)
(36, 3, 7)
(37, 1, 12)
(37, 2, 12)
(37, 3, 6)
(37, 4, 14)
(38, 1, 9)
(38, 2, 12)
(38, 3, 6)
(39, 1, 12)
(39, 2, 12)
(39, 3, 4)
(39, 4, 0)
(40, 1, 12)
(40, 2, 12)
(40, 3, 12)
(40, 4, 6)
(41, 1, 12)
(41, 2, 12)
(41, 3, 12)
(41, 4, 7)
(42, 1, 12)
(42, 2, 12)
(42, 3, 12)
(42, 4, 4)
(42, 5, 8)
(42, 6, 0)
(43, 1, 12)
(43, 2, 12)
(43, 3, 12)
(43, 4, 12)
(43, 5, 12)
(43, 6, 6)
(43, 7, 18)
(44, 1, 12)
(44, 2, 12)
(44, 3, 12)
(44, 4, 12)
(44, 5, 12)
(44, 6, 7)
(45, 1, 12)
(45, 2, 12)
(45, 3, 12)
(45, 4, 12)
(45, 5, 12)
(45, 6, 4)
(45, 7, 8)
(45, 8, 0)
(46, 1, 12)
(46, 2, 12)
(46, 3, 12)
(46, 4, 12)
(46, 5, 12)
(46, 6, 12)
(46, 7, 12)
(46, 8, 6)
(47, 1, 12)
(47, 2, 4)
(47, 3, 12)
(47, 4, 12)
(47, 5, 12)
(47, 6, 12)
(47, 7, 12)
(47, 8, 7)
(48, 1, 12)
(48, 2, 4)
(48, 3, 12)
(48, 4, 12)
(48, 5, 12)
(48, 6, 12)
(48, 7, 12)
(48, 8, 12)
(48, 9, 3)
(48, 10, 0)
(48, 11, 19)
(49, 1, 12)
(49, 2, 4)
(49, 3, 4)
(49, 4, 12)
(49, 5, 12)
(49, 6, 4)
(49, 7, 12)
(49, 8, 12)
(49, 9, 4)
(49, 10, 7)
(49, 11, 15)
(50, 1, 12)
(50, 2, 12)
(50, 3, 12)
(50, 4, 12)
(50, 5, 4)
(50, 6, 4)
(50, 7, 4)
(50, 8, 12)
(50, 9, 12)
(50, 10, 7)
(50, 11, 16)
(51, 1, 13)
(51, 2, 10)
(51, 3, 5)
(51, 4, 10)
(51, 5, 5)
(51, 6, 10)
(51, 7, 5)
(51, 8, 10)
(51, 9, 5)
(51, 10, 2)
(51, 11, 19)
(56, 0, 11)
(56, 1, 3)
(56, 2, 0)
(57, 0, 12)
(57, 1, 4)
(57, 2, 6)
(58, 0, 12)
(58, 1, 12)
(58, 2, 7)
(59, 0, 12)
(59, 1, 12)
(59, 2, 1)
(60, 0, 12)
(60, 1, 12)
(60, 2, 6)
(61, 0, 12)
(61, 1, 12)
(61, 2, 7)
(61, 3, 17)
(62, 0, 13)
(62, 1, 5)
(62, 2, 2)
(0, 1, 8)
(0, 2, 3)
(0, 3, 0)
(1, 0, 12)
(1, 1, 12)
(1, 2, 4)
(1, 3, 1)
(2, 0, 4)
(2, 1, 12)
(2, 2, 9)
(2, 3, 6)
(3, 0, 12)
(3, 1, 12)
(3, 2, 4)
(3, 3, 7)
(4, 0, 4)
(4, 1, 12)
(4, 2, 12)
(4, 3, 6)
(5, 0, 9)
(5, 1, 12)
(5, 2, 12)
(5, 3, 7)
(5, 4, 18)
(6, 0, 4)
(6, 1, 12)
(6, 2, 12)
(6, 3, 6)
(6, 4, 19)
(7, 0, 13)
(7, 1, 10)
(7, 2, 5)
(7, 3, 2)
(7, 4, 19)
(8, 0, 6)
(9, 0, 7)
(10, 0, 11)
(10, 1, 3)
(10, 2, 8)
(10, 3, 8)
(10, 4, 3)
(10, 5, 0)
(10, 6, 19)
(11, 0, 12)
(11, 1, 4)
(11, 2, 12)
(11, 3, 4)
(11, 4, 9)
(11, 5, 6)
(11, 6, 19)
(12, 0, 13)
(12, 1, 10)
(12, 2, 5)
(12, 3, 10)
(12, 4, 5)
(12, 5, 2)
(12, 6, 19)
(13, 0, 6)
(14, 0, 7)
(15, 0, 11)
(15, 1, 8)
(15, 2, 8)
(15, 3, 3)
(15, 4, 8)
(15, 5, 8)
(15, 6, 3)
(15, 7, 0)
(15, 8, 19)
(16, 0, 12)
(16, 1, 9)
(16, 2, 12)
(16, 3, 12)
(16, 4, 12)
(16, 5, 4)
(16, 6, 4)
(16, 7, 7)
(16, 8, 19)
(17, 0, 13)
(17, 1, 10)
(17, 2, 5)
(17, 3, 10)
(17, 4, 5)
(17, 5, 10)
(17, 6, 5)
(17, 7, 2)
(17, 8, 19)
(18, 0, 7)
(19, 0, 6)
(20, 0, 11)
(20, 1, 8)
(20, 2, 8)
(20, 3, 8)
(20, 4, 3)
(20, 5, 0)
(20, 6, 19)
(21, 0, 12)
(21, 1, 9)
(21, 2, 12)
(21, 3, 12)
(21, 4, 12)
(21, 5, 1)
(21, 6, 19)
(22, 0, 13)
(22, 1, 10)
(22, 2, 5)
(22, 3, 10)
(22, 4, 5)
(22, 5, 2)
(22, 6, 19)
(27, 1, 11)
(27, 2, 3)
(27, 3, 0)
(28, 1, 12)
(28, 2, 4)
(28, 3, 1)
(28, 4, 14)
(29, 1, 12)
(29, 2, 12)
(29, 3, 6)
(29, 4, 15)
(30, 1, 4)
(30, 2, 12)
(30, 3, 7)
(30, 4, 16)
(31, 1, 12)
(31, 2, 4)
(31, 3, 6)
(31, 4, 14)
(32, 1, 12)
(32, 2, 4)
(32, 3, 7)
(33, 1, 13)
(33, 2, 5)
(33, 3, 2)
(38, 3, 11)
(38, 4, 8)
(38, 5, 0)
(38, 6, 17)
(39, 3, 12)
(39, 4, 12)
(39, 5, 7)
(39, 6, 14)
(40, 3, 12)
(40, 4, 4)
(40, 5, 6)
(40, 6, 17)
(41, 3, 12)
(41, 4, 12)
(41, 5, 7)
(41, 6, 14)
(42, 3, 4)
(42, 4, 12)
(42, 5, 6)
(42, 6, 17)
(43, 3, 12)
(43, 4, 4)
(43, 5, 7)
(43, 6, 14)
(44, 3, 12)
(44, 4, 12)
(44, 5, 6)
(44, 6, 17)
(45, 3, 13)
(45, 4, 5)
(45, 5, 2)
(45, 6, 14)
(50, 2, 11)
(50, 3, 0)
(50, 4, 19)
(51, 2, 9)
(51, 3, 1)
(52, 2, 13)
(52, 3, 2)
(52, 4, 19)
(56, 0, 11)
(56, 1, 3)
(56, 2, 0)
(57, 0, 12)
(57, 1, 4)
(57, 2, 6)
(58, 0, 12)
(58, 1, 12)
(58, 2, 7)
(59, 0, 12)
(59, 1, 12)
(59, 2, 1)
(60, 0, 12)
(60, 1, 12)
(60, 2, 6)
(60, 3, 18)
(61, 0, 12)
(61, 1, 12)
(61, 2, 7)
(61, 3, 19)
(62, 0, 13)
(62, 1, 5)
(62, 2, 2)
(0, 3, 0)
(1, 2, 4)
(1, 3, 1)
(2, 2, 9)
(2, 3, 6)
(3, 2, 4)
(3, 3, 7)
(4, 2, 12)
(4, 3, 6)
(4, 4, 18)
(5, 2, 13)
(5, 3, 2)
(9, 4, 11)
(9, 5, 0)
(10, 4, 12)
(10, 5, 6)
(10, 6, 14)
(11, 4, 12)
(11, 5, 7)
(11, 6, 17)
(12, 4, 12)
(12, 5, 7)
(12, 6, 14)
(13, 4, 12)
(13, 5, 6)
(13, 6, 17)
(14, 4, 13)
(14, 5, 2)
(14, 6, 14)
(19, 3, 11)
(19, 4, 0)
(20, 3, 4)
(20, 4, 6)
(21, 3, 12)
(21, 4, 7)
(22, 3, 4)
(22, 4, 1)
(22, 5, 19)
(23, 3, 12)
(23, 4, 7)
(23, 5, 15)
(24, 3, 12)
(24, 4, 6)
(24, 5, 16)
(25, 3, 13)
(25, 4, 2)
(25, 5, 19)
(30, 0, 11)
(30, 1, 0)
(31, 0, 4)
(31, 1, 7)
(32, 0, 4)
(32, 1, 6)
(32, 2, 14)
(33, 0, 12)
(33, 1, 1)
(34, 0, 12)
(34, 1, 6)
(34, 2, 14)
(35, 0, 13)
(35, 1, 2)
(40, 2, 11)
(40, 3, 0)
(41, 2, 12)
(41, 3, 6)
(42, 2, 12)
(42, 3, 7)
(42, 4, 18)
(43, 2, 12)
(43, 3, 1)
(44, 2, 13)
(44, 3, 2)
(47, 2, 11)
(47, 3, 0)
(48, 2, 4)
(48, 3, 1)
(49, 2, 9)
(49, 3, 7)
(50, 2, 12)
(50, 3, 6)
(51, 2, 13)
(51, 3, 2)
(56, 1, 11)
(56, 2, 0)
(57, 1, 4)
(57, 2, 6)
(58, 1, 12)
(58, 2, 7)
(59, 1, 9)
(59, 2, 6)
(59, 3, 18)
(60, 1, 12)
(60, 2, 7)
(60, 3, 17)
(61, 1, 12)
(61, 2, 1)
(62, 1, 12)
(62, 2, 6)
(63, 1, 13)
(63, 2, 2)
(0, 1, 8)
(0, 2, 3)
(0, 3, 0)
(1, 0, 4)
(1, 1, 12)
(1, 2, 4)
(1, 3, 1)
(2, 0, 12)
(2, 1, 12)
(2, 2, 9)
(2, 3, 6)
(3, 0, 4)
(3, 1, 12)
(3, 2, 4)
(3, 3, 7)
(3, 4, 19)
(4, 0, 13)
(4, 1, 5)
(4, 2, 12)
(4, 3, 6)
(4, 4, 19)
(5, 2, 13)
(5, 3, 2)
(10, 1, 11)
(10, 2, 0)
(11, 1, 12)
(11, 2, 7)
(12, 1, 4)
(12, 2, 1)
(13, 1, 12)
(13, 2, 6)
(13, 3, 19)
(14, 1, 13)
(14, 2, 2)
(19, 3, 11)
(19, 4, 0)
(20, 3, 4)
(20, 4, 6)
(21, 3, 4)
(21, 4, 7)
(22, 3, 12)
(22, 4, 1)
(23, 3, 12)
(23, 4, 6)
(24, 3, 12)
(24, 4, 7)
(24, 5, 17)
(25, 3, 13)
(25, 4, 2)
(31, 1, 11)
(31, 2, 0)
(32, 1, 9)
(32, 2, 1)
(33, 1, 12)
(33, 2, 7)
(34, 1, 11)
(34, 2, 8)
(34, 3, 8)
(34, 4, 3)
(34, 5, 8)
(34, 6, 0)
(35, 1, 12)
(35, 2, 12)
(35, 3, 12)
(35, 4, 12)
(35, 5, 12)
(35, 6, 7)
(36, 1, 12)
(36, 2, 12)
(36, 3, 12)
(36, 4, 12)
(36, 5, 12)
(36, 6, 6)
(36, 7, 18)
(37, 1, 12)
(37, 2, 12)
(37, 3, 4)
(37, 4, 4)
(37, 5, 12)
(37, 6, 7)
(38, 1, 11)
(38, 2, 3)
(38, 3, 8)
(38, 4, 3)
(38, 5, 8)
(38, 6, 8)
(38, 7, 8)
(38, 8, 8)
(38, 9, 8)
(38, 10, 3)
(38, 11, 0)
(39, 1, 12)
(39, 2, 12)
(39, 3, 12)
(39, 4, 12)
(39, 5, 12)
(39, 6, 12)
(39, 7, 4)
(39, 8, 4)
(39, 9, 12)
(39, 10, 12)
(39, 11, 1)
(40, 1, 12)
(40, 2, 12)
(40, 3, 9)
(40, 4, 12)
(40, 5, 12)
(40, 6, 12)
(40, 7, 12)
(40, 8, 12)
(40, 9, 4)
(40, 10, 4)
(40, 11, 6)
(40, 12, 19)
(41, 1, 9)
(41, 2, 12)
(41, 3, 12)
(41, 4, 12)
(41, 5, 12)
(41, 6, 12)
(41, 7, 12)
(41, 8, 4)
(41, 9, 12)
(41, 10, 12)
(41, 11, 7)
(41, 12, 15)
(42, 1, 13)
(42, 2, 10)
(42, 3, 5)
(42, 4, 10)
(42, 5, 5)
(42, 6, 10)
(42, 7, 5)
(42, 8, 5)
(42, 9, 10)
(42, 10, 5)
(42, 11, 2)
(42, 12, 16)
(43, 1, 4)
(43, 2, 4)
(43, 3, 12)
(43, 4, 12)
(43, 5, 12)
(43, 6, 7)
(44, 1, 12)
(44, 2, 12)
(44, 3, 12)
(44, 4, 12)
(44, 5, 12)
(44, 6, 7)
(45, 1, 12)
(45, 2, 12)
(45, 3, 9)
(45, 4, 4)
(45, 5, 4)
(45, 6, 6)
(46, 1, 13)
(46, 2, 5)
(46, 3, 10)
(46, 4, 5)
(46, 5, 5)
(46, 6, 2)
(47, 1, 12)
(47, 2, 6)
(48, 1, 12)
(48, 2, 1)
(49, 1, 13)
(49, 2, 2)
(53, 1, 11)
(53, 2, 0)
(54, 1, 4)
(54, 2, 6)
(54, 3, 14)
(55, 1, 4)
(55, 2, 7)
(55, 3, 17)
(56, 1, 12)
(56, 2, 6)
(56, 3, 14)
(57, 1, 12)
(57, 2, 7)
(57, 3, 17)
(58, 1, 12)
(58, 2, 6)
(58, 3, 14)
(59, 1, 12)
(59, 2, 7)
(59, 3, 17)
(60, 1, 9)
(60, 2, 7)
(60, 3, 14)
(61, 1, 12)
(61, 2, 1)
(62, 1, 12)
(62, 2, 6)
(63, 1, 13)
(63, 2, 2)
(0, 1, 8)
(0, 2, 3)
(0, 3, 0)
(1, 0, 4)
(1, 1, 12)
(1, 2, 4)
(1, 3, 1)
(2, 0, 12)
(2, 1, 12)
(2, 2, 9)
(2, 3, 6)
(3, 0, 12)
(3, 1, 12)
(3, 2, 4)
(3, 3, 7)
(4, 0, 12)
(4, 1, 12)
(4, 2, 12)
(4, 3, 6)
(5, 0, 11)
(5, 1, 8)
(5, 2, 8)
(5, 3, 3)
(5, 4, 0)
(6, 0, 12)
(6, 1, 12)
(6, 2, 12)
(6, 3, 12)
(6, 4, 6)
(7, 0, 12)
(7, 1, 12)
(7, 2, 12)
(7, 3, 12)
(7, 4, 7)
(8, 0, 12)
(8, 1, 12)
(8, 2, 12)
(8, 3, 12)
(8, 4, 6)
(9, 0, 12)
(9, 1, 12)
(9, 2, 12)
(9, 3, 12)
(9, 4, 7)
(10, 0, 8)
(10, 1, 3)
(10, 2, 8)
(10, 3, 8)
(10, 4, 3)
(10, 5, 8)
(10, 6, 8)
(10, 7, 0)
(11, 0, 12)
(11, 1, 12)
(11, 2, 12)
(11, 3, 12)
(11, 4, 12)
(11, 5, 12)
(11, 6, 12)
(11, 7, 6)
(12, 0, 12)
(12, 1, 12)
(12, 2, 12)
(12, 3, 12)
(12, 4, 12)
(12, 5, 12)
(12, 6, 12)
(12, 7, 7)
(13, 0, 12)
(13, 1, 12)
(13, 2, 12)
(13, 3, 12)
(13, 4, 12)
(13, 5, 12)
(13, 6, 12)
(13, 7, 6)
(14, 0, 12)
(14, 1, 12)
(14, 2, 12)
(14, 3, 12)
(14, 4, 12)
(14, 5, 12)
(14, 6, 12)
(14, 7, 1)
(15, 0, 13)
(15, 1, 5)
(15, 2, 5)
(15, 3, 10)
(15, 4, 5)
(15, 5, 10)
(15, 6, 5)
(15, 7, 2)
(16, 0, 12)
(16, 1, 12)
(16, 2, 12)
(16, 3, 12)
(16, 4, 6)
(17, 0, 12)
(17, 1, 4)
(17, 2, 12)
(17, 3, 12)
(17, 4, 7)
(18, 0, 12)
(18, 1, 12)
(18, 2, 12)
(18, 3, 12)
(18, 4, 7)
(19, 0, 12)
(19, 1, 12)
(19, 2, 12)
(19, 3, 4)
(19, 4, 6)
(20, 0, 13)
(20, 1, 5)
(20, 2, 10)
(20, 3, 5)
(20, 4, 2)
(21, 0, 12)
(21, 1, 12)
(21, 2, 12)
(21, 3, 7)
(22, 0, 12)
(22, 1, 4)
(22, 2, 12)
(22, 3, 6)
(23, 0, 12)
(23, 1, 12)
(23, 2, 12)
(23, 3, 7)
(24, 0, 4)
(24, 1, 12)
(24, 2, 12)
(24, 3, 6)
(25, 0, 13)
(25, 1, 10)
(25, 2, 5)
(25, 3, 2)
(30, 4, 11)
(30, 5, 0)
(31, 4, 4)
(31, 5, 6)
(32, 4, 9)
(32, 5, 7)
(33, 4, 12)
(33, 5, 1)
(34, 4, 12)
(34, 5, 7)
(35, 4, 13)
(35, 5, 2)
(38, 1, 11)
(38, 2, 8)
(38, 3, 0)
(39, 1, 12)
(39, 2, 12)
(39, 3, 1)
(40, 1, 12)
(40, 2, 12)
(40, 3, 6)
(41, 1, 11)
(41, 2, 8)
(41, 3, 3)
(41, 4, 8)
(41, 5, 3)
(41, 6, 8)
(41, 7, 3)
(41, 8, 0)
(42, 1, 12)
(42, 2, 12)
(42, 3, 12)
(42, 4, 12)
(42, 5, 12)
(42, 6, 9)
(42, 7, 4)
(42, 8, 6)
(43, 1, 12)
(43, 2, 12)
(43, 3, 9)
(43, 4, 4)
(43, 5, 12)
(43, 6, 12)
(43, 7, 12)
(43, 8, 7)
(44, 1, 13)
(44, 2, 10)
(44, 3, 5)
(44, 4, 10)
(44, 5, 5)
(44, 6, 10)
(44, 7, 5)
(44, 8, 2)
(45, 1, 12)
(45, 2, 12)
(45, 3, 12)
(45, 4, 12)
(45, 5, 6)
(46, 1, 12)
(46, 2, 12)
(46, 3, 12)
(46, 4, 12)
(46, 5, 7)
(47, 1, 13)
(47, 2, 10)
(47, 3, 5)
(47, 4, 5)
(47, 5, 2)
(49, 2, 11)
(49, 3, 0)
(50, 2, 9)
(50, 3, 1)
(51, 2, 13)
(51, 3, 2)
(53, 1, 11)
(53, 2, 0)
(54, 1, 4)
(54, 2, 6)
(55, 1, 4)
(55, 2, 7)
(56, 1, 12)
(56, 2, 6)
(57, 1, 12)
(57, 2, 7)
(58, 1, 12)
(58, 2, 6)
(59, 1, 12)
(59, 2, 7)
(60, 1, 9)
(60, 2, 7)
(61, 1, 12)
(61, 2, 1)
(62, 1, 12)
(62, 2, 6)
(63, 1, 13)
(63, 2, 2)
